
color [0] [240, 178, 46, 255]
cut [0] [x] [20]
color [0.1] [219, 88, 8, 255]
merge [0.0] [0.1]
cut [1] [x] [90]
color [1.1] [183, 27, 3, 255]
merge [1.0] [1.1]
cut [2] [x] [121]
color [2.1] [151, 0, 1, 255]
merge [2.0] [2.1]
cut [3] [x] [153]
color [3.1] [172, 15, 4, 255]
merge [3.0] [3.1]
cut [4] [x] [196]
color [4.1] [152, 0, 3, 255]
merge [4.0] [4.1]
cut [5] [x] [273]
color [5.1] [74, 69, 77, 255]
merge [5.0] [5.1]
cut [6] [x] [321]
color [6.1] [169, 17, 3, 255]
merge [6.0] [6.1]
cut [7] [x] [351]
color [7.1] [238, 164, 17, 255]
merge [7.0] [7.1]
cut [8] [y] [31]
color [8.1] [209, 70, 6, 255]
merge [8.0] [8.1]
cut [9] [22, 36]
color [9.2] [245, 211, 113, 255]
merge [9.2] [9.1]
merge [9.0] [9.3]
merge [10] [11]
cut [12] [100, 34]
color [12.2] [231, 136, 10, 255]
merge [12.2] [12.1]
merge [12.0] [12.3]
merge [13] [14]
cut [15] [130, 37]
color [15.2] [78, 60, 72, 255]
merge [15.2] [15.1]
merge [15.0] [15.3]
merge [16] [17]
cut [18] [154, 36]
color [18.2] [243, 211, 113, 255]
merge [18.2] [18.1]
merge [18.0] [18.3]
merge [19] [20]
cut [21] [194, 33]
color [21.2] [184, 28, 5, 255]
merge [21.2] [21.1]
merge [21.0] [21.3]
merge [22] [23]
cut [24] [256, 31]
color [24.2] [231, 128, 10, 255]
merge [24.3] [24.0]
merge [24.1] [24.2]
merge [25] [26]
cut [27] [310, 36]
color [27.2] [232, 140, 11, 255]
merge [27.3] [27.0]
merge [27.1] [27.2]
merge [28] [29]
cut [30] [344, 62]
color [30.2] [66, 55, 59, 255]
merge [30.3] [30.0]
merge [30.1] [30.2]
merge [31] [32]
cut [33] [342, 92]
color [33.2] [168, 17, 3, 255]
merge [33.3] [33.0]
merge [33.1] [33.2]
merge [34] [35]
cut [36] [346, 105]
color [36.3] [209, 66, 4, 255]
merge [36.3] [36.0]
merge [36.1] [36.2]
merge [37] [38]
cut [39] [302, 99]
color [39.3] [161, 9, 3, 255]
merge [39.3] [39.0]
merge [39.1] [39.2]
merge [40] [41]
cut [42] [252, 103]
color [42.3] [236, 160, 14, 255]
merge [42.3] [42.0]
merge [42.1] [42.2]
merge [43] [44]
cut [45] [180, 96]
color [45.3] [205, 62, 5, 255]
merge [45.2] [45.1]
merge [45.0] [45.3]
merge [46] [47]
cut [48] [149, 94]
color [48.3] [72, 51, 65, 255]
merge [48.2] [48.1]
merge [48.0] [48.3]
merge [49] [50]
cut [51] [125, 85]
color [51.3] [162, 4, 3, 255]
merge [51.2] [51.1]
merge [51.0] [51.3]
merge [52] [53]
cut [54] [101, 84]
color [54.3] [220, 92, 4, 255]
merge [54.2] [54.1]
merge [54.0] [54.3]
merge [55] [56]
cut [57] [67, 85]
color [57.3] [98, 46, 50, 255]
merge [57.2] [57.1]
merge [57.0] [57.3]
merge [58] [59]
cut [60] [y] [178]
color [60.1] [87, 54, 63, 255]
merge [60.0] [60.1]
cut [61] [344, 178]
color [61.3] [240, 174, 35, 255]
merge [61.3] [61.0]
merge [61.1] [61.2]
merge [62] [63]
cut [64] [308, 178]
color [64.3] [179, 19, 4, 255]
merge [64.3] [64.0]
merge [64.1] [64.2]
merge [65] [66]
cut [67] [264, 188]
color [67.3] [218, 85, 6, 255]
merge [67.3] [67.0]
merge [67.1] [67.2]
merge [68] [69]
cut [70] [211, 200]
color [70.3] [142, 2, 10, 255]
merge [70.0] [70.1]
merge [70.2] [70.3]
merge [71] [72]
cut [73] [150, 194]
color [73.3] [197, 49, 5, 255]
merge [73.2] [73.1]
merge [73.0] [73.3]
merge [74] [75]
cut [76] [104, 168]
color [76.3] [246, 222, 152, 255]
merge [76.2] [76.1]
merge [76.0] [76.3]
merge [77] [78]
cut [79] [70, 164]
color [79.3] [79, 79, 87, 255]
merge [79.2] [79.1]
merge [79.0] [79.3]
merge [80] [81]
cut [82] [y] [266]
color [82.1] [201, 55, 6, 255]
merge [82.0] [82.1]
cut [83] [41, 267]
color [83.2] [63, 44, 48, 255]
merge [83.1] [83.0]
merge [83.2] [83.3]
merge [84] [85]
cut [86] [173, 286]
color [86.2] [199, 53, 5, 255]
merge [86.1] [86.0]
merge [86.2] [86.3]
merge [87] [88]
cut [89] [222, 292]
color [89.2] [181, 26, 4, 255]
merge [89.0] [89.1]
merge [89.2] [89.3]
merge [90] [91]
cut [92] [260, 256]
color [92.2] [142, 2, 10, 255]
merge [92.0] [92.1]
merge [92.2] [92.3]
merge [93] [94]
cut [95] [302, 250]
color [95.2] [209, 70, 6, 255]
merge [95.0] [95.1]
merge [95.2] [95.3]
merge [96] [97]
cut [98] [340, 247]
color [98.2] [87, 54, 63, 255]
merge [98.0] [98.1]
merge [98.2] [98.3]
merge [99] [100]
cut [101] [340, 288]
color [101.2] [231, 136, 10, 255]
merge [101.0] [101.1]
merge [101.2] [101.3]
merge [102] [103]
cut [104] [y] [346]
color [104.1] [88, 53, 60, 255]
merge [104.0] [104.1]
cut [105] [336, 350]
color [105.3] [123, 25, 26, 255]
merge [105.0] [105.1]
merge [105.2] [105.3]
merge [106] [107]
cut [108] [304, 350]
color [108.3] [206, 63, 4, 255]
merge [108.0] [108.1]
merge [108.2] [108.3]
merge [109] [110]
cut [111] [272, 350]
color [111.3] [76, 58, 70, 255]
merge [111.0] [111.1]
merge [111.2] [111.3]
merge [112] [113]
cut [114] [232, 348]
color [114.3] [241, 181, 49, 255]
merge [114.0] [114.1]
merge [114.2] [114.3]
merge [115] [116]
cut [117] [174, 337]
color [117.3] [230, 125, 9, 255]
merge [117.1] [117.0]
merge [117.2] [117.3]
merge [118] [119]
cut [120] [172, 366]
color [120.3] [241, 181, 49, 255]
merge [120.1] [120.0]
merge [120.2] [120.3]
merge [121] [122]
cut [123] [139, 365]
color [123.3] [230, 125, 9, 255]
merge [123.1] [123.0]
merge [123.2] [123.3]
merge [124] [125]
cut [126] [42, 337]
color [126.3] [124, 20, 20, 255]
merge [126.1] [126.0]
merge [126.2] [126.3]
merge [127] [128]
