
color [0] [0, 0, 0, 255]


cut [0] [235, 181]
color [0.2] [255, 255, 255, 255]


merge [0.1] [0.2]
merge [0.3] [0.0]
merge [2] [1]
cut [3] [231, 191]
color [3.2] [255, 255, 255, 255]
merge [3.2] [3.1]
merge [3.3] [3.0]
merge [4] [5]
cut [6] [227, 207]
color [6.2] [255, 255, 255, 255]
merge [6.2] [6.1]
merge [6.3] [6.0]
merge [8] [7]
cut [9] [223, 222]
color [9.2] [255, 255, 255, 255]
merge [9.2] [9.1]
merge [9.3] [9.0]
merge [11] [10]
cut [12] [218, 244]
color [12.2] [255, 255, 255, 255]
merge [12.2] [12.1]
merge [12.3] [12.0]
merge [14] [13]
cut [15] [214, 262]
color [15.2] [255, 255, 255, 255]
merge [15.2] [15.1]
merge [15.3] [15.0]
merge [17] [16]
cut [18] [211, 277]
color [18.2] [255, 255, 255, 255]
merge [18.1] [18.2]
merge [18.3] [18.0]
merge [20] [19]
cut [21] [206, 292]
color [21.2] [255, 255, 255, 255]
merge [21.2] [21.1]
merge [21.3] [21.0]
merge [22] [23]
cut [24] [202, 307]
color [24.2] [255, 255, 255, 255]
merge [24.2] [24.1]
merge [24.3] [24.0]
merge [25] [26]

cut [27] [y] [330]
color [27.1] [255, 255, 255, 255]
merge [27.1] [27.0]
cut [28] [198, 260]
color [28.3] [255, 255, 255, 255]
merge [28.2] [28.1]
merge [28.3] [28.0]
merge [29] [30]
cut [31] [193, 251]
color [31.3] [255, 255, 255, 255]
merge [31.2] [31.1]
merge [31.3] [31.0]
merge [32] [33]
cut [34] [189, 243]
color [34.3] [255, 255, 255, 255]
merge [34.2] [34.1]
merge [34.3] [34.0]
merge [35] [36]
cut [37] [185, 234]
color [37.3] [255, 255, 255, 255]
merge [37.2] [37.1]
merge [37.3] [37.0]
merge [38] [39]
cut [40] [181, 227]
color [40.3] [255, 255, 255, 255]
merge [40.2] [40.1]
merge [40.3] [40.0]
merge [41] [42]
cut [43] [177, 219]
color [43.3] [255, 255, 255, 255]
merge [43.3] [43.0]
merge [43.2] [43.1]
merge [45] [44]
cut [46] [173, 211]
color [46.3] [255, 255, 255, 255]
merge [46.2] [46.1]
merge [46.3] [46.0]
merge [47] [48]
cut [49] [169, 202]
color [49.3] [255, 255, 255, 255]
merge [49.2] [49.3]
merge [49.0] [49.1]
merge [50] [51]
cut [52] [165, 194]
color [52.3] [255, 255, 255, 255]
merge [52.3] [52.2]
merge [52.0] [52.1]
merge [53] [54]
cut [55] [161, 186]
color [55.3] [255, 255, 255, 255]
merge [55.2] [55.3]
merge [55.0] [55.1]
merge [56] [57]
cut [58] [156, 178]
color [58.3] [255, 255, 255, 255]
merge [58.2] [58.3]
merge [58.0] [58.1]
merge [59] [60]
cut [61] [154, 160]
color [61.3] [255, 255, 255, 255]
merge [61.0] [61.3]
merge [61.2] [61.1]
merge [63] [62]
cut [64] [y] [161]
color [64.0] [255, 255, 255, 255]
merge [64.1] [64.0]
cut [65] [x] [266]
color [65.1] [255, 255, 255, 255]
merge [65.1] [65.0]
cut [66] [222, 193]

cut [66.0] [x] [187]
color [66.0.1] [255, 255, 255, 255]
merge [66.0.0] [66.0.1]
merge [67] [66.1]
merge [66.3] [66.2]
merge [69] [68]
cut [70] [216, 231]
cut [70.0] [x] [198]
color [70.0.1] [255, 255, 255, 255]
merge [70.0.0] [70.0.1]
merge [71] [70.1]
merge [70.2] [70.3]
merge [73] [72]
cut [74] [70, 138]
cut [74.1] [323, 127]
color [74.1.3] [0, 0, 0, 255]
