
cut [0] [279, 346]
color [0.2] [72, 152, 255, 255]
color [0.0] [31, 237, 152, 255]
color [0.3] [22, 173, 200, 255]
color [0.1] [61, 253, 246, 255]
merge [0.2] [0.1]
merge [0.3] [0.0]
merge [1] [2]
cut [3] [y] [389]
color [3.1] [255, 255, 255, 255]
merge [3.0] [3.1]
cut [4] [x] [324]
color [4.1] [255, 255, 255, 255]
merge [4.0] [4.1]
cut [5] [x] [231]
color [5.0] [255, 255, 255, 255]
merge [5.0] [5.1]
cut [6] [y] [299]
color [6.0] [255, 255, 255, 255]
merge [6.0] [6.1]
cut [7] [318, 324]
color [7.1] [255, 255, 255, 255]
merge [7.0] [7.1]
merge [7.2] [7.3]
merge [8] [9]
cut [10] [311, 314]
color [10.1] [255, 255, 255, 255]
merge [10.0] [10.1]
merge [10.2] [10.3]
merge [11] [12]
cut [13] [304, 306]
color [13.1] [255, 255, 255, 255]
merge [13.0] [13.1]
merge [13.2] [13.3]
merge [14] [15]
cut [16] [298, 303]
color [16.1] [255, 255, 255, 255]
merge [16.0] [16.1]
merge [16.2] [16.3]
merge [17] [18]
cut [19] [253, 303]
color [19.0] [255, 255, 255, 255]
merge [19.0] [19.1]
merge [19.2] [19.3]
merge [20] [21]
cut [22] [245, 309]
color [22.0] [255, 255, 255, 255]
merge [22.0] [22.1]
merge [22.2] [22.3]
merge [23] [24]
cut [25] [240, 316]
color [25.0] [255, 255, 255, 255]
merge [25.0] [25.1]
merge [25.2] [25.3]
merge [26] [27]
cut [28] [236, 323]
color [28.0] [255, 255, 255, 255]
merge [28.0] [28.1]
merge [28.2] [28.3]
merge [29] [30]
cut [31] [x] [230]
cut [31.0] [59, 338]
color [31.0.3] [82, 49, 252, 255]
color [31.0.2] [227, 64, 252, 255]
color [31.0.1] [249, 67, 253, 255]
color [31.0.0] [88, 31, 162, 255]
merge [31.0.3] [31.0.0]
merge [31.0.2] [31.0.1]
merge [32] [33]
cut [34] [x] [96]
color [34.1] [255, 255, 255, 255]
merge [34.1] [34.0]
cut [35] [y] [298]
color [35.0] [255, 255, 255, 255]
merge [35.1] [35.0]
cut [36] [y] [379]
color [36.1] [255, 255, 255, 255]
merge [36.1] [36.0]
cut [37] [x] [21]
color [37.0] [255, 255, 255, 255]
merge [37.0] [37.1]
cut [38] [92, 357]
color [38.1] [255, 255, 255, 255]
merge [38.2] [38.1]
merge [38.3] [38.0]
merge [40] [39]
cut [41] [87, 341]
color [41.1] [255, 255, 255, 255]
merge [41.3] [41.0]
merge [41.2] [41.1]
merge [42] [43]
cut [44] [82, 322]
color [44.1] [255, 255, 255, 255]
merge [44.3] [44.0]
merge [44.2] [44.1]
merge [45] [46]
cut [47] [59, 304]
color [47.0] [255, 255, 255, 255]
merge [47.3] [47.2]
merge [47.0] [47.1]
merge [48] [49]
cut [50] [49, 311]
color [50.0] [255, 255, 255, 255]
merge [50.3] [50.2]
merge [50.0] [50.1]
merge [51] [52]
cut [53] [41, 318]
color [53.0] [255, 255, 255, 255]
merge [53.3] [53.2]
merge [53.0] [53.1]
merge [54] [55]
cut [56] [32, 327]
color [56.0] [255, 255, 255, 255]
merge [56.3] [56.2]
merge [56.0] [56.1]
merge [57] [58]
merge [59] [31.1]
cut [60] [y] [298]
color [60.0] [2, 181, 254, 255]
cut [60.0] [y] [96]
color [60.0.1] [255, 255, 255, 255]
merge [60.0.1] [60.0.0]
cut [61] [x] [92]
color [61.1] [255, 255, 255, 255]
merge [61.0] [61.1]
cut [62] [x] [14]
color [62.0] [255, 255, 255, 255]
merge [62.0] [62.1]

cut [63] [y] [25]
color [63.0] [255, 255, 255, 255]
merge [63.1] [63.0]
cut [64] [59, 91]
color [64.2] [255, 255, 255, 255]
merge [64.3] [64.2]
merge [64.0] [64.1]
merge [65] [66]
cut [67] [69, 86]
color [67.2] [255, 255, 255, 255]
merge [67.3] [67.2]
merge [67.0] [67.1]
merge [68] [69]
cut [70] [82, 80]
color [70.2] [255, 255, 255, 255]
merge [70.3] [70.2]
merge [70.0] [70.1]
merge [71] [72]
cut [73] [87, 67]
color [73.1] [255, 255, 255, 255]
merge [73.0] [73.1]
merge [73.3] [73.2]
merge [75] [74]
cut [76] [82, 46]
color [76.1] [255, 255, 255, 255]
merge [76.3] [76.0]
merge [76.2] [76.1]
merge [77] [78]
cut [79] [x] [93]
color [79.1] [255, 141, 2, 255]
cut [79.1] [x] [376]
color [79.1.1] [255, 255, 255, 255]
merge [79.1.0] [79.1.1]
cut [80] [y] [18]
color [80.0] [255, 255, 255, 255]
merge [80.1] [80.0]
cut [81] [x] [279]
color [81.0] [255, 255, 255, 255]
merge [81.0] [81.1]
cut [82] [y] [255]
color [82.1] [255, 255, 255, 255]
merge [82.1] [82.0]
cut [83] [346, 248]
color [83.3] [255, 255, 255, 255]
merge [83.2] [83.3]
merge [83.0] [83.1]
merge [84] [85]
cut [86] [338, 236]
color [86.3] [255, 255, 255, 255]
merge [86.2] [86.3]
merge [86.0] [86.1]
merge [87] [88]
cut [89] [332, 226]
color [89.3] [255, 255, 255, 255]
merge [89.3] [89.2]
merge [89.0] [89.1]
merge [90] [91]
cut [92] [328, 217]
color [92.3] [255, 255, 255, 255]
merge [92.3] [92.2]
merge [92.1] [92.0]
merge [93] [94]
cut [95] [324, 60]
color [95.3] [255, 255, 255, 255]
merge [95.2] [95.1]
merge [95.3] [95.0]
merge [96] [97]
cut [98] [367, 211]
color [98.1] [255, 255, 255, 255]
merge [98.3] [98.2]
merge [98.1] [98.0]
merge [99] [100]
cut [101] [292, 45]
color [101.0] [255, 255, 255, 255]
merge [101.3] [101.0]
merge [101.2] [101.1]
merge [102] [103]
cut [104] [307, 37]
color [104.0] [255, 255, 255, 255]
merge [104.2] [104.1]
merge [104.3] [104.0]
merge [105] [106]
cut [107] [323, 29]
color [107.0] [255, 255, 255, 255]
merge [107.2] [107.1]
merge [107.3] [107.0]
merge [108] [109]
cut [110] [y] [186]
cut [110.0] [y] [59]
color [110.0.1] [255, 255, 255, 255]
merge [110.0.1] [110.0.0]
cut [111] [355, 34]
color [111.2] [255, 255, 255, 255]
merge [111.2] [111.3]
merge [111.0] [111.1]
merge [112] [113]
cut [114] [340, 42]
color [114.2] [255, 255, 255, 255]
merge [114.2] [114.3]
merge [114.0] [114.1]
merge [115] [116]
cut [117] [326, 50]
color [117.2] [255, 255, 255, 255]
cut [117.3] [207, 139]
cut [117.3.3] [x] [166]
color [117.3.3.1] [254, 125, 255, 255]
cut [110.1] [196, 233]
cut [110.1.0] [x] [158]
color [110.1.0.1] [147, 244, 255, 255]
