
cut [0] [138, 269]
cut [0.1] [272, 156]
color [0.1.3] [0, 0, 0, 255]
merge [0.1.0] [0.1.1]
merge [0.1.3] [0.1.2]
merge [1] [2]
merge [0.0] [3]
merge [0.3] [0.2]
merge [5] [4]
cut [6] [236, 197]
color [6.2] [255, 255, 255, 255]
merge [6.0] [6.1]
merge [6.3] [6.2]
merge [7] [8]
cut [9] [227, 208]
color [9.2] [255, 255, 255, 255]
merge [9.1] [9.0]
merge [9.2] [9.3]
cut [11] [223, 225]
color [11.2] [255, 255, 255, 255]

merge [11.2] [11.1]
merge [11.3] [11.0]
merge [12] [13]
merge [14] [10]
cut [15] [191, 251]
color [15.3] [255, 255, 255, 255]
merge [15.2] [15.1]
merge [15.3] [15.0]
merge [17] [16]
cut [18] [182, 228]
color [18.3] [255, 255, 255, 255]
merge [18.1] [18.0]
merge [18.3] [18.2]
merge [20] [19]
cut [21] [173, 210]
color [21.3] [255, 255, 255, 255]
merge [21.1] [21.0]
merge [21.3] [21.2]
merge [23] [22]
cut [24] [164, 194]
color [24.3] [255, 255, 255, 255]
merge [24.2] [24.3]
merge [24.0] [24.1]
merge [25] [26]
cut [27] [155, 176]
color [27.3] [255, 255, 255, 255]
merge [27.2] [27.3]
merge [27.0] [27.1]
merge [28] [29]
cut [30] [145, 164]
color [30.3] [255, 255, 255, 255]
color [30.0] [255, 255, 255, 255]
cut [30.1] [x] [235]
color [30.1.0] [255, 255, 255, 255]
merge [30.1.1] [30.1.0]
merge [31] [30.2]
merge [30.3] [30.0]
merge [33] [32]

#cut [34] [69, 137]
#cut [34.1] [323, 128]
#color [34.1.3] [0, 0, 0, 255]

cut [34] [219, 212]
cut [34.0] [183, 1]
color [34.0.2] [255, 255, 255, 255]
