merge [0] [1]
merge [100] [2]
merge [101] [3]
merge [102] [4]
merge [103] [5]
merge [104] [6]
merge [105] [7]
merge [106] [8]
merge [107] [9]
merge [10] [11]
merge [109] [12]
merge [110] [13]
merge [111] [14]
merge [112] [15]
merge [113] [16]
merge [114] [17]
merge [115] [18]
merge [116] [19]
merge [20] [21]
merge [118] [22]
merge [119] [23]
merge [120] [24]
merge [121] [25]
merge [122] [26]
merge [123] [27]
merge [124] [28]
merge [125] [29]
merge [30] [31]
merge [127] [32]
merge [128] [33]
merge [129] [34]
merge [130] [35]
merge [131] [36]
merge [132] [37]
merge [133] [38]
merge [134] [39]
merge [40] [41]
merge [136] [42]
merge [137] [43]
merge [138] [44]
merge [139] [45]
merge [140] [46]
merge [141] [47]
merge [142] [48]
merge [143] [49]
merge [50] [51]
merge [145] [52]
merge [146] [53]
merge [147] [54]
merge [148] [55]
merge [149] [56]
merge [150] [57]
merge [151] [58]
merge [152] [59]
merge [60] [61]
merge [154] [62]
merge [155] [63]
merge [156] [64]
merge [157] [65]
merge [158] [66]
merge [159] [67]
merge [160] [68]
merge [161] [69]
merge [70] [71]
merge [163] [72]
merge [164] [73]
merge [165] [74]
merge [166] [75]
merge [167] [76]
merge [168] [77]
merge [169] [78]
merge [170] [79]
merge [80] [81]
merge [172] [82]
merge [173] [83]
merge [174] [84]
merge [175] [85]
merge [176] [86]
merge [177] [87]
merge [178] [88]
merge [179] [89]
merge [90] [91]
merge [181] [92]
merge [182] [93]
merge [183] [94]
merge [184] [95]
merge [185] [96]
merge [186] [97]
merge [187] [98]
merge [188] [99]
merge [108] [117]
merge [190] [126]
merge [191] [135]
merge [192] [144]
merge [193] [153]
merge [194] [162]
merge [195] [171]
merge [196] [180]
merge [197] [189]
color [198] [255, 255, 255, 255]


color [198] [40, 53, 147, 255]
cut [198] [40, 28]
merge [198.3] [198.2]
color [199] [26, 35, 126, 255]
cut [199] [40, 88]
merge [199.3] [199.2]
color [200] [40, 53, 147, 255]
cut [200] [40, 117]
merge [200.3] [200.2]
color [201] [255, 236, 179, 255]
cut [201] [40, 155]
merge [201.3] [201.2]
color [202] [57, 73, 171, 255]
cut [202] [40, 203]
merge [202.3] [202.2]
color [203] [92, 107, 192, 255]
cut [203] [40, 240]
merge [203.3] [203.2]
color [204] [92, 107, 192, 255]
cut [204] [40, 268]
merge [204.3] [204.2]
color [205] [92, 107, 192, 255]
cut [205] [40, 305]
merge [205.3] [205.2]
color [206] [89, 105, 190, 255]
cut [206] [40, 315]
merge [206.3] [206.2]
color [207] [57, 73, 171, 255]
cut [207] [x] [40]
merge [198.1] [199.1]
merge [208] [200.1]
merge [209] [201.1]
merge [210] [202.1]
merge [211] [203.1]
merge [212] [204.1]
merge [213] [205.1]
merge [214] [206.1]
merge [215] [207.1]
color [216] [40, 53, 147, 255]
cut [216] [80, 38]
merge [216.3] [216.2]
color [217] [33, 33, 33, 255]
cut [217] [80, 80]
merge [217.3] [217.2]
color [218] [39, 52, 145, 255]
cut [218] [80, 108]
merge [218.3] [218.2]
color [219] [255, 236, 179, 255]
cut [219] [80, 148]
merge [219.3] [219.2]
color [220] [57, 73, 171, 255]
cut [220] [80, 181]
merge [220.3] [220.2]
color [221] [255, 213, 79, 255]
cut [221] [80, 220]
merge [221.3] [221.2]
color [222] [92, 107, 192, 255]
cut [222] [80, 283]
merge [222.3] [222.2]
color [223] [57, 73, 171, 255]
cut [223] [80, 284]
merge [223.3] [223.2]
color [224] [57, 73, 171, 255]
cut [224] [80, 285]
merge [224.3] [224.2]
color [225] [57, 73, 171, 255]
cut [225] [x] [80]
merge [216.1] [217.1]
merge [226] [218.1]
merge [227] [219.1]
merge [228] [220.1]
merge [229] [221.1]
merge [230] [222.1]
merge [231] [223.1]
merge [232] [224.1]
merge [233] [225.1]
color [234] [33, 33, 33, 255]
cut [234] [120, 37]
merge [234.3] [234.2]
color [235] [33, 33, 33, 255]
cut [235] [120, 83]
merge [235.3] [235.2]
color [236] [33, 33, 33, 255]
cut [236] [120, 120]
merge [236.3] [236.2]
color [237] [33, 33, 33, 255]
cut [237] [120, 160]
merge [237.3] [237.2]
color [238] [33, 33, 33, 255]
cut [238] [120, 200]
merge [238.3] [238.2]
color [239] [33, 33, 33, 255]
cut [239] [120, 234]
merge [239.3] [239.2]
color [240] [33, 33, 33, 255]
cut [240] [120, 300]
merge [240.3] [240.2]
color [241] [74, 74, 69, 255]
cut [241] [120, 302]
merge [241.3] [241.2]
color [242] [254, 212, 79, 255]
cut [242] [120, 342]
merge [242.3] [242.2]
color [243] [57, 73, 171, 255]
cut [243] [x] [120]
merge [234.1] [235.1]
merge [244] [236.1]
merge [245] [237.1]
merge [246] [238.1]
merge [247] [239.1]
merge [248] [240.1]
merge [249] [241.1]
merge [250] [242.1]
merge [251] [243.1]
color [252] [33, 33, 33, 255]
cut [252] [160, 37]
merge [252.3] [252.2]
color [253] [33, 33, 33, 255]
cut [253] [160, 83]
merge [253.3] [253.2]
color [254] [33, 33, 33, 255]
cut [254] [160, 120]
merge [254.3] [254.2]
color [255] [33, 33, 33, 255]
cut [255] [160, 151]
merge [255.3] [255.2]
color [256] [57, 73, 171, 255]
cut [256] [160, 197]
merge [256.3] [256.2]
color [257] [57, 73, 171, 255]
cut [257] [160, 239]
merge [257.3] [257.2]
color [258] [92, 107, 192, 255]
cut [258] [160, 241]
merge [258.3] [258.2]
color [259] [92, 107, 192, 255]
cut [259] [160, 243]
merge [259.3] [259.2]
color [260] [92, 107, 192, 255]
cut [260] [160, 317]
merge [260.3] [260.2]
color [261] [57, 73, 171, 255]
cut [261] [x] [160]
merge [252.1] [253.1]
merge [262] [254.1]
merge [263] [255.1]
merge [264] [256.1]
merge [265] [257.1]
merge [266] [258.1]
merge [267] [259.1]
merge [268] [260.1]
merge [269] [261.1]
color [270] [33, 33, 33, 255]
cut [270] [200, 25]
merge [270.3] [270.2]
color [271] [33, 33, 33, 255]
cut [271] [200, 89]
merge [271.3] [271.2]
color [272] [26, 35, 126, 255]
cut [272] [200, 108]
merge [272.3] [272.2]
color [273] [255, 236, 179, 255]
cut [273] [200, 157]
merge [273.3] [273.2]
color [274] [255, 236, 179, 255]
cut [274] [200, 198]
merge [274.3] [274.2]
color [275] [121, 134, 203, 255]
cut [275] [200, 231]
merge [275.3] [275.2]
color [276] [121, 134, 203, 255]
cut [276] [200, 274]
merge [276.3] [276.2]
color [277] [112, 127, 192, 255]
cut [277] [200, 275]
merge [277.3] [277.2]
color [278] [92, 107, 192, 255]
cut [278] [200, 336]
merge [278.3] [278.2]
color [279] [57, 73, 171, 255]
cut [279] [x] [200]
merge [270.1] [271.1]
merge [280] [272.1]
merge [281] [273.1]
merge [282] [274.1]
merge [283] [275.1]
merge [284] [276.1]
merge [285] [277.1]
merge [286] [278.1]
merge [287] [279.1]
color [288] [26, 35, 125, 255]
cut [288] [240, 40]
merge [288.3] [288.2]
color [289] [40, 53, 147, 255]
cut [289] [240, 71]
merge [289.3] [289.2]
color [290] [26, 35, 126, 255]
cut [290] [240, 115]
merge [290.3] [290.2]
color [291] [255, 236, 179, 255]
cut [291] [240, 155]
merge [291.3] [291.2]
color [292] [57, 73, 171, 255]
cut [292] [240, 178]
merge [292.3] [292.2]
color [293] [121, 134, 203, 255]
cut [293] [240, 201]
merge [293.3] [293.2]
color [294] [121, 134, 203, 255]
cut [294] [240, 272]
merge [294.3] [294.2]
color [295] [103, 117, 193, 255]
cut [295] [240, 273]
merge [295.3] [295.2]
color [296] [92, 107, 192, 255]
cut [296] [240, 343]
merge [296.3] [296.2]
color [297] [57, 73, 171, 255]
cut [297] [x] [240]
merge [288.1] [289.1]
merge [298] [290.1]
merge [299] [291.1]
merge [300] [292.1]
merge [301] [293.1]
merge [302] [294.1]
merge [303] [295.1]
merge [304] [296.1]
merge [305] [297.1]
color [306] [26, 35, 126, 255]
cut [306] [280, 52]
merge [306.3] [306.2]
color [307] [40, 53, 147, 255]
cut [307] [280, 77]
merge [307.3] [307.2]
color [308] [26, 35, 126, 255]
cut [308] [280, 113]
merge [308.3] [308.2]
color [309] [255, 236, 179, 255]
cut [309] [280, 157]
merge [309.3] [309.2]
color [310] [57, 73, 171, 255]
cut [310] [280, 184]
merge [310.3] [310.2]
color [311] [121, 134, 203, 255]
cut [311] [280, 237]
merge [311.3] [311.2]
color [312] [92, 107, 192, 255]
cut [312] [280, 238]
merge [312.3] [312.2]
color [313] [92, 107, 192, 255]
cut [313] [280, 240]
merge [313.3] [313.2]
color [314] [92, 107, 192, 255]
cut [314] [280, 324]
merge [314.3] [314.2]
color [315] [57, 73, 171, 255]
cut [315] [x] [280]
merge [306.1] [307.1]
merge [316] [308.1]
merge [317] [309.1]
merge [318] [310.1]
merge [319] [311.1]
merge [320] [312.1]
merge [321] [313.1]
merge [322] [314.1]
merge [323] [315.1]
color [324] [26, 35, 126, 255]
cut [324] [320, 1]
merge [324.3] [324.2]
color [325] [26, 35, 126, 255]
cut [325] [320, 65]
merge [325.3] [325.2]
color [326] [27, 36, 127, 255]
cut [326] [320, 138]
merge [326.3] [326.2]
color [327] [255, 236, 179, 255]
cut [327] [320, 169]
merge [327.3] [327.2]
color [328] [60, 75, 172, 254]
cut [328] [320, 179]
merge [328.3] [328.2]
color [329] [121, 134, 203, 255]
cut [329] [320, 257]
merge [329.3] [329.2]
color [330] [57, 73, 171, 255]
cut [330] [320, 267]
merge [330.3] [330.2]
color [331] [87, 98, 176, 255]
cut [331] [320, 268]
merge [331.3] [331.2]
color [332] [102, 108, 176, 255]
cut [332] [320, 291]
merge [332.3] [332.2]
color [333] [57, 73, 171, 255]
cut [333] [x] [320]
merge [324.1] [325.1]
merge [334] [326.1]
merge [335] [327.1]
merge [336] [328.1]
merge [337] [329.1]
merge [338] [330.1]
merge [339] [331.1]
merge [340] [332.1]
merge [341] [333.1]
color [342] [26, 35, 126, 255]
cut [342] [339, 19]
merge [342.3] [342.2]
color [343] [26, 35, 126, 255]
cut [343] [345, 86]
merge [343.3] [343.2]
color [344] [40, 53, 147, 255]
cut [344] [329, 118]
merge [344.3] [344.2]
color [345] [27, 36, 126, 255]
cut [345] [321, 147]
merge [345.3] [345.2]
color [346] [121, 134, 203, 255]
cut [346] [332, 191]
merge [346.3] [346.2]
color [347] [121, 134, 203, 255]
cut [347] [363, 252]
merge [347.3] [347.2]
color [348] [57, 73, 171, 255]
cut [348] [333, 253]
merge [348.3] [348.2]
color [349] [57, 73, 171, 255]
cut [349] [323, 313]
merge [349.3] [349.2]
color [350] [254, 235, 178, 255]
cut [350] [372, 372]
merge [350.3] [350.2]
color [351] [57, 73, 171, 255]
cut [351] [x] [360]
color [345.1] [26, 35, 126, 255]
color [346.1] [255, 236, 179, 255]
color [347.1] [57, 73, 171, 255]
color [350.1] [57, 73, 171, 255]
