
cut [0] [200, 200]
color [0.2] [0, 0, 0, 255]
color [0.0] [0, 0, 0, 255]

merge [0.1] [0.2]

merge [0.3] [0.0]
merge [2] [1]
cut [3] [237, 201]
color [3.2] [255, 255, 255, 255]
merge [3.3] [3.2]
merge [3.0] [3.1]
merge [4] [5]
cut [6] [275, 202]
color [6.2] [0, 0, 0, 255]
merge [6.0] [6.1]
merge [6.3] [6.2]
merge [8] [7]
cut [9] [316, 202]
color [9.2] [255, 255, 255, 255]
merge [9.0] [9.1]
merge [9.3] [9.2]
merge [11] [10]
cut [12] [199, 238]
color [12.2] [255, 255, 255, 255]
merge [12.3] [12.0]
merge [12.2] [12.1]
merge [13] [14]
cut [15] [238, 242]
color [15.2] [0, 0, 0, 255]
merge [15.2] [15.3]
merge [15.0] [15.1]
merge [16] [17]
cut [18] [278, 242]
color [18.2] [255, 255, 255, 255]
merge [18.1] [18.0]
merge [18.2] [18.3]
merge [20] [19]
cut [21] [317, 242]
color [21.2] [0, 0, 0, 255]
merge [21.3] [21.2]
merge [21.0] [21.1]
merge [22] [23]

cut [24] [197, 279]
color [24.2] [0, 0, 0, 255]
merge [24.2] [24.1]
merge [24.3] [24.0]
merge [25] [26]
cut [27] [236, 279]
color [27.2] [255, 255, 255, 255]
merge [27.2] [27.1]
merge [27.3] [27.0]
merge [28] [29]
cut [30] [277, 281]
color [30.2] [0, 0, 0, 255]
merge [30.2] [30.3]
merge [30.1] [30.0]
merge [31] [32]
cut [33] [316, 280]
color [33.2] [255, 255, 255, 255]
merge [33.2] [33.3]
merge [33.1] [33.0]
merge [34] [35]
cut [36] [197, 320]
color [36.2] [255, 255, 255, 255]
merge [36.2] [36.1]
merge [36.3] [36.0]
merge [37] [38]
cut [39] [237, 321]
color [39.2] [0, 0, 0, 255]
merge [39.2] [39.1]
merge [39.3] [39.0]
merge [40] [41]
cut [42] [276, 321]
color [42.2] [255, 255, 255, 255]
merge [42.2] [42.1]
merge [42.3] [42.0]
merge [43] [44]
cut [45] [316, 321]
color [45.2] [0, 0, 0, 255]
merge [45.2] [45.3]
merge [45.0] [45.1]
merge [46] [47]
cut [48] [198, 360]
color [48.2] [0, 0, 0, 255]
merge [48.2] [48.1]
merge [48.3] [48.0]
merge [49] [50]
cut [51] [236, 358]
color [51.2] [255, 255, 255, 255]
merge [51.2] [51.1]
merge [51.3] [51.0]
merge [53] [52]
cut [54] [278, 361]
color [54.2] [0, 0, 0, 255]
merge [54.2] [54.1]
merge [54.3] [54.0]
merge [55] [56]
cut [57] [317, 359]
color [57.2] [255, 255, 255, 255]
merge [57.2] [57.1]
merge [57.3] [57.0]
merge [58] [59]


cut [60] [236, 201]
color [60.1] [0, 0, 0, 255]
merge [60.0] [60.1]
merge [60.2] [60.3]
merge [61] [62]
cut [63] [276, 199]
color [63.1] [255, 255, 255, 255]
merge [63.3] [63.0]
merge [63.1] [63.2]
merge [64] [65]
cut [66] [316, 199]
color [66.1] [0, 0, 0, 255]
merge [66.3] [66.0]
merge [66.1] [66.2]
merge [67] [68]
cut [69] [198, 159]
color [69.1] [0, 0, 0, 255]
merge [69.2] [69.1]
merge [69.0] [69.3]
merge [70] [71]
cut [72] [237, 158]
color [72.1] [255, 255, 255, 255]
merge [72.3] [72.0]
merge [72.1] [72.2]
merge [73] [74]
cut [75] [278, 158]
color [75.1] [0, 0, 0, 255]
merge [75.3] [75.0]
merge [75.1] [75.2]
merge [76] [77]
cut [78] [199, 119]
color [78.1] [255, 255, 255, 255]
merge [78.2] [78.1]
merge [78.0] [78.3]
merge [79] [80]
cut [81] [237, 120]
color [81.1] [0, 0, 0, 255]
merge [81.3] [81.0]
merge [81.1] [81.2]
merge [82] [83]
cut [84] [278, 121]
color [84.1] [255, 255, 255, 255]
merge [84.3] [84.0]
merge [84.1] [84.2]
merge [85] [86]
cut [87] [317, 121]
color [87.1] [0, 0, 0, 255]
merge [87.3] [87.0]
merge [87.1] [87.2]
merge [88] [89]
cut [90] [197, 82]
color [90.1] [0, 0, 0, 255]
merge [90.2] [90.1]
merge [90.0] [90.3]
merge [91] [92]
cut [93] [238, 81]
color [93.1] [255, 255, 255, 255]
merge [93.3] [93.0]
merge [93.1] [93.2]
merge [94] [95]
cut [96] [278, 81]

color [96.1] [0, 0, 0, 255]
merge [96.3] [96.0]
merge [96.1] [96.2]
merge [97] [98]
cut [99] [158, 202]
color [99.3] [0, 0, 0, 255]
merge [99.1] [99.0]
merge [99.2] [99.3]
merge [100] [101]

cut [102] [198, 240]
color [102.3] [0, 0, 0, 255]
merge [102.1] [102.0]
merge [102.2] [102.3]
merge [103] [104]
cut [105] [157, 240]
color [105.3] [255, 255, 255, 255]
merge [105.1] [105.0]
merge [105.2] [105.3]
merge [106] [107]
cut [108] [117, 201]
color [108.3] [255, 255, 255, 255]
merge [108.1] [108.0]
merge [108.2] [108.3]
merge [109] [110]
cut [111] [197, 280]
color [111.3] [255, 255, 255, 255]
merge [111.1] [111.0]
merge [111.2] [111.3]
merge [112] [113]


cut [114] [79, 198]
color [114.3] [0, 0, 0, 255]
merge [114.2] [114.1]
merge [114.0] [114.3]
merge [115] [116]
cut [117] [38, 199]
color [117.3] [255, 255, 255, 255]
merge [117.2] [117.1]
merge [117.0] [117.3]
merge [118] [119]
cut [120] [118, 242]
color [120.3] [0, 0, 0, 255]
merge [120.1] [120.0]
merge [120.2] [120.3]
merge [121] [122]
cut [123] [77, 241]
color [123.3] [255, 255, 255, 255]
merge [123.1] [123.0]
merge [123.2] [123.3]
merge [124] [125]
cut [126] [39, 243]
color [126.3] [0, 0, 0, 255]
merge [126.1] [126.0]
merge [126.2] [126.3]
merge [127] [128]
cut [129] [157, 282]
color [129.3] [0, 0, 0, 255]
merge [129.1] [129.0]
merge [129.2] [129.3]
merge [130] [131]
cut [132] [118, 282]
color [132.3] [255, 255, 255, 255]
merge [132.1] [132.0]
merge [132.2] [132.3]
merge [133] [134]
cut [135] [78, 282]
color [135.3] [0, 0, 0, 255]
merge [135.1] [135.0]
merge [135.2] [135.3]
merge [136] [137]
cut [138] [41, 281]
color [138.3] [255, 255, 255, 255]
merge [138.1] [138.0]
merge [138.2] [138.3]
merge [139] [140]
cut [141] [197, 320]
color [141.3] [0, 0, 0, 255]
merge [141.1] [141.0]
merge [141.2] [141.3]
merge [142] [143]
cut [144] [156, 320]
color [144.3] [255, 255, 255, 255]
merge [144.1] [144.0]
merge [144.2] [144.3]
merge [145] [146]
cut [147] [118, 322]
color [147.3] [0, 0, 0, 255]
merge [147.1] [147.0]
merge [147.2] [147.3]
merge [148] [149]
cut [150] [80, 322]
color [150.3] [255, 255, 255, 255]
merge [150.1] [150.0]
merge [150.2] [150.3]
merge [151] [152]
cut [153] [40, 321]
color [153.3] [0, 0, 0, 255]
merge [153.1] [153.0]
merge [153.2] [153.3]
merge [154] [155]
cut [156] [197, 360]
color [156.3] [255, 255, 255, 255]
merge [156.1] [156.0]
merge [156.2] [156.3]
merge [157] [158]
cut [159] [157, 360]
color [159.3] [0, 0, 0, 255]
merge [159.1] [159.0]
merge [159.2] [159.3]
merge [160] [161]
cut [162] [118, 359]
color [162.3] [255, 255, 255, 255]
merge [162.1] [162.0]
merge [162.2] [162.3]
merge [163] [164]
cut [165] [79, 358]
color [165.3] [0, 0, 0, 255]
merge [165.1] [165.0]
merge [165.2] [165.3]
merge [166] [167]
cut [168] [39, 358]
color [168.3] [255, 255, 255, 255]
merge [168.1] [168.0]
merge [168.2] [168.3]
merge [169] [170]
cut [171] [317, 160]
color [171.1] [255, 255, 255, 255]
merge [171.3] [171.0]
merge [171.1] [171.2]
merge [172] [173]
cut [174] [317, 120]
color [174.1] [0, 0, 0, 255]
merge [174.3] [174.0]
merge [174.1] [174.2]
merge [175] [176]
cut [177] [157, 199]
color [177.0] [255, 255, 255, 255]
merge [177.2] [177.1]
merge [177.0] [177.3]
merge [178] [179]
cut [180] [119, 200]
color [180.0] [0, 0, 0, 255]
merge [180.1] [180.0]
merge [180.2] [180.3]
merge [181] [182]
cut [183] [78, 200]
color [183.0] [255, 255, 255, 255]
merge [183.1] [183.0]
merge [183.2] [183.3]
merge [184] [185]
cut [186] [39, 200]
color [186.0] [0, 0, 0, 255]
merge [186.1] [186.0]
merge [186.2] [186.3]
merge [187] [188]
cut [189] [197, 162]
color [189.0] [255, 250, 250, 255]
merge [189.2] [189.1]
merge [189.0] [189.3]
merge [190] [191]
cut [192] [157, 160]
color [192.0] [0, 0, 0, 255]
merge [192.2] [192.1]
merge [192.0] [192.3]
merge [193] [194]
cut [195] [118, 160]
color [195.0] [255, 255, 255, 255]
merge [195.2] [195.1]
merge [195.0] [195.3]
merge [196] [197]
cut [198] [78, 160]

color [198.0] [0, 0, 0, 255]
merge [198.2] [198.1]
merge [198.0] [198.3]
merge [199] [200]
cut [201] [39, 158]
color [201.0] [255, 255, 255, 255]
merge [201.2] [201.1]
merge [201.0] [201.3]
merge [202] [203]
cut [204] [195, 122]
color [204.0] [0, 0, 0, 255]
merge [204.2] [204.1]
merge [204.0] [204.3]
merge [205] [206]
cut [207] [158, 120]
color [207.0] [255, 255, 255, 255]
merge [207.2] [207.1]
merge [207.0] [207.3]
merge [208] [209]
cut [210] [117, 121]
color [210.0] [0, 0, 0, 255]
merge [210.2] [210.1]
merge [210.0] [210.3]
merge [211] [212]
cut [213] [79, 121]
color [213.0] [255, 255, 255, 255]
merge [213.2] [213.1]
merge [213.0] [213.3]
merge [214] [215]
cut [216] [39, 121]
color [216.0] [0, 0, 0, 255]
merge [216.2] [216.1]
merge [216.0] [216.3]
merge [217] [218]
cut [219] [197, 82]
color [219.0] [255, 255, 255, 255]
merge [219.2] [219.1]
merge [219.0] [219.3]
merge [220] [221]
cut [222] [158, 81]
color [222.0] [0, 0, 0, 255]
merge [222.2] [222.1]
merge [222.0] [222.3]
merge [223] [224]
cut [225] [116, 81]
color [225.0] [255, 255, 255, 255]
merge [225.2] [225.1]
merge [225.0] [225.3]
merge [226] [227]
cut [228] [77, 83]
color [228.0] [0, 0, 0, 255]
merge [228.2] [228.1]
merge [228.0] [228.3]
merge [229] [230]
cut [231] [38, 81]
color [231.0] [255, 255, 255, 255]
merge [231.2] [231.1]
merge [231.0] [231.3]
merge [232] [233]

cut [234] [318, 80]

color [234.1] [0, 74, 173, 255]
merge [234.3] [234.0]
merge [234.1] [234.2]
merge [235] [236]
cut [237] [y] [44]
color [237.0] [0, 74, 173, 255]
merge [237.1] [237.0]
cut [238] [x] [356]
color [238.1] [0, 74, 173, 255]
