
color [0] [224, 189, 119, 255]
cut [0] [233, 119]
color [0.1] [97, 87, 85, 255]
merge [0.3] [0.0]
merge [0.1] [0.2]
merge [1] [2]
cut [3] [225, 114]
color [3.1] [97, 87, 85, 255]
merge [3.3] [3.0]
merge [3.1] [3.2]
merge [4] [5]
cut [6] [220, 108]
color [6.1] [97, 87, 85, 255]
merge [6.3] [6.0]
merge [6.1] [6.2]
merge [7] [8]
cut [9] [213, 104]
color [9.1] [97, 87, 85, 255]
merge [9.3] [9.0]
merge [9.1] [9.2]
merge [10] [11]
cut [12] [201, 98]
color [12.1] [97, 87, 85, 255]
merge [12.3] [12.0]
merge [12.1] [12.2]
merge [13] [14]
cut [15] [132, 123]
color [15.0] [97, 87, 85, 255]
merge [15.2] [15.1]
merge [15.0] [15.3]
merge [16] [17]
cut [18] [138, 118]
color [18.0] [97, 87, 85, 255]
merge [18.2] [18.1]
merge [18.0] [18.3]
merge [19] [20]
cut [21] [144, 113]
color [21.0] [97, 87, 85, 255]
merge [21.2] [21.1]
merge [21.0] [21.3]
merge [22] [23]
cut [24] [152, 108]
color [24.0] [97, 87, 85, 255]
merge [24.2] [24.1]
merge [24.0] [24.3]
merge [25] [26]
cut [27] [162, 104]
color [27.0] [97, 87, 85, 255]
merge [27.2] [27.1]
merge [27.0] [27.3]
merge [28] [29]
cut [30] [233, 118]
color [30.2] [93, 71, 75, 255]
merge [30.3] [30.0]
merge [30.1] [30.2]
merge [31] [32]
cut [33] [134, 122]
color [33.3] [93, 71, 75, 255]
merge [33.2] [33.1]
merge [33.0] [33.3]
merge [34] [35]
cut [36] [224, 179]
color [36.2] [93, 71, 75, 255]
merge [36.3] [36.0]
merge [36.1] [36.2]
merge [37] [38]
cut [39] [224, 168]
color [39.2] [93, 71, 75, 255]
merge [39.3] [39.0]
merge [39.1] [39.2]
merge [40] [41]
cut [42] [229, 157]
color [42.2] [93, 71, 75, 255]
merge [42.3] [42.0]
merge [42.1] [42.2]
merge [43] [44]
cut [45] [139, 132]
color [45.3] [93, 71, 75, 255]
merge [45.2] [45.1]
merge [45.0] [45.3]
merge [46] [47]
cut [48] [144, 140]
color [48.3] [93, 71, 75, 255]
merge [48.2] [48.1]
merge [48.0] [48.3]
merge [49] [50]
cut [51] [148, 144]
color [51.3] [93, 71, 75, 255]
merge [51.2] [51.1]
merge [51.0] [51.3]
merge [52] [53]
cut [54] [219, 261]
color [54.2] [93, 71, 75, 255]
merge [54.0] [54.1]
merge [54.2] [54.3]
merge [55] [56]
cut [57] [214, 268]
color [57.2] [93, 71, 75, 255]
merge [57.0] [57.1]
merge [57.2] [57.3]
merge [58] [59]
cut [60] [208, 275]
color [60.2] [93, 71, 75, 255]
merge [60.0] [60.1]
merge [60.2] [60.3]
merge [61] [62]
cut [63] [203, 281]
color [63.2] [93, 71, 75, 255]
merge [63.0] [63.1]
merge [63.2] [63.3]
merge [64] [65]
cut [66] [152, 271]
color [66.3] [93, 71, 75, 255]
merge [66.1] [66.0]
merge [66.2] [66.3]
merge [67] [68]
cut [69] [157, 277]
color [69.3] [93, 71, 75, 255]
merge [69.1] [69.0]
merge [69.2] [69.3]
merge [70] [71]
cut [72] [y] [161]
cut [72.1] [153, 207]
color [72.1.0] [93, 71, 75, 255]
merge [72.1.3] [72.1.0]
merge [72.1.2] [72.1.1]
merge [73] [74]
cut [75] [161, 192]
color [75.0] [93, 71, 75, 255]
merge [75.3] [75.0]
merge [75.2] [75.1]
merge [76] [77]
cut [78] [176, 180]
color [78.0] [93, 71, 75, 255]
merge [78.3] [78.0]
merge [78.1] [78.2]
merge [80] [79]
merge [81] [72.0]
cut [82] [y] [283]
color [82.1] [93, 71, 75, 255]
color [82.1] [93, 71, 75, 255]
merge [82.0] [82.1]
cut [83] [y] [99]
color [83.0] [97, 87, 85, 255]
merge [83.0] [83.1]
cut [84] [258, 125]
color [84.1] [97, 87, 85, 255]
merge [84.3] [84.0]
merge [84.1] [84.2]
merge [85] [86]
cut [87] [277, 130]
color [87.1] [97, 87, 85, 255]
merge [87.3] [87.0]
merge [87.1] [87.2]
merge [88] [89]
cut [90] [132, 138]
color [90.0] [97, 87, 85, 255]
merge [90.2] [90.1]
merge [90.0] [90.3]
merge [91] [92]
cut [93] [297, 102]
color [93.2] [142, 144, 111, 255]
merge [93.3] [93.0]
merge [93.1] [93.2]
merge [94] [95]
cut [96] [291, 126]
color [96.2] [142, 144, 111, 255]
merge [96.3] [96.0]
merge [96.1] [96.2]
merge [97] [98]
cut [99] [285, 137]
color [99.2] [142, 144, 111, 255]
merge [99.3] [99.0]
merge [99.1] [99.2]
merge [100] [101]
cut [102] [276, 145]
color [102.2] [142, 144, 111, 255]
merge [102.3] [102.0]
merge [102.1] [102.2]
merge [103] [104]
cut [105] [269, 165]
color [105.2] [142, 144, 111, 255]
merge [105.3] [105.0]
merge [105.1] [105.2]
merge [106] [107]
cut [108] [265, 185]
color [108.2] [142, 144, 111, 255]
merge [108.3] [108.0]
merge [108.1] [108.2]
merge [109] [110]
cut [111] [256, 229]
color [111.2] [142, 144, 111, 255]
merge [111.0] [111.1]
merge [111.2] [111.3]
merge [112] [113]
cut [114] [248, 264]
color [114.2] [142, 144, 111, 255]
merge [114.0] [114.1]
merge [114.2] [114.3]
merge [115] [116]
cut [117] [238, 282]
color [117.2] [142, 144, 111, 255]
merge [117.0] [117.1]
merge [117.2] [117.3]
merge [118] [119]
cut [120] [225, 294]
color [120.2] [142, 144, 111, 255]
merge [120.0] [120.1]
merge [120.2] [120.3]
merge [121] [122]
cut [123] [100, 106]
color [123.3] [142, 144, 111, 255]
merge [123.2] [123.1]
merge [123.0] [123.3]
merge [124] [125]
cut [126] [110, 122]
color [126.3] [142, 144, 111, 255]
merge [126.2] [126.1]
merge [126.0] [126.3]
merge [127] [128]
cut [129] [120, 129]
color [129.3] [142, 144, 111, 255]
merge [129.2] [129.1]
merge [129.0] [129.3]
merge [130] [131]
cut [132] [130, 136]
color [132.3] [142, 144, 111, 255]
merge [132.2] [132.1]
merge [132.0] [132.3]
merge [133] [134]
cut [135] [137, 156]
color [135.3] [142, 144, 111, 255]
merge [135.2] [135.1]
merge [135.0] [135.3]
merge [136] [137]
cut [138] [145, 261]
color [138.3] [142, 144, 111, 255]
merge [138.1] [138.0]
merge [138.2] [138.3]
merge [139] [140]
cut [141] [153, 281]
color [141.3] [142, 144, 111, 255]
merge [141.1] [141.0]
merge [141.2] [141.3]
merge [142] [143]
cut [144] [161, 292]
color [144.3] [142, 144, 111, 255]
merge [144.1] [144.0]
merge [144.2] [144.3]
merge [145] [146]
cut [147] [y] [302]
color [147.1] [142, 144, 111, 255]
merge [147.0] [147.1]
cut [148] [303, 322]
color [148.2] [0, 0, 0, 255]
merge [148.0] [148.1]
merge [148.2] [148.3]
merge [149] [150]
cut [151] [279, 339]
color [151.2] [0, 0, 0, 255]
merge [151.0] [151.1]
merge [151.2] [151.3]
merge [152] [153]
cut [154] [256, 351]
color [154.2] [0, 0, 0, 255]
merge [154.0] [154.1]
merge [154.2] [154.3]
merge [155] [156]
cut [157] [320, 305]
color [157.2] [0, 0, 0, 255]
merge [157.0] [157.1]
merge [157.2] [157.3]
merge [158] [159]
cut [160] [332, 285]
color [160.2] [0, 0, 0, 255]
merge [160.0] [160.1]
merge [160.2] [160.3]
merge [161] [162]
cut [163] [343, 262]
color [163.2] [0, 0, 0, 255]
merge [163.0] [163.1]
merge [163.2] [163.3]
merge [164] [165]
cut [166] [90, 315]
color [166.3] [0, 0, 0, 255]
merge [166.1] [166.0]
merge [166.2] [166.3]
merge [167] [168]
cut [169] [107, 330]
color [169.3] [0, 0, 0, 255]
merge [169.1] [169.0]
merge [169.2] [169.3]
merge [170] [171]
cut [172] [124, 341]
color [172.3] [0, 0, 0, 255]
merge [172.1] [172.0]
merge [172.2] [172.3]
merge [173] [174]
cut [175] [75, 297]
color [175.3] [0, 0, 0, 255]
merge [175.1] [175.0]
merge [175.2] [175.3]
merge [176] [177]
cut [178] [64, 277]
color [178.3] [0, 0, 0, 255]
merge [178.1] [178.0]
merge [178.2] [178.3]
merge [179] [180]
cut [181] [55, 257]
color [181.3] [0, 0, 0, 255]
merge [181.1] [181.0]
merge [181.2] [181.3]
merge [182] [183]
cut [184] [97, 107]
color [184.0] [0, 0, 0, 255]
merge [184.2] [184.1]
merge [184.0] [184.3]
merge [185] [186]
cut [187] [81, 120]
color [187.0] [0, 0, 0, 255]
merge [187.2] [187.1]
merge [187.0] [187.3]
merge [188] [189]
cut [190] [74, 133]
color [190.0] [0, 0, 0, 255]
merge [190.2] [190.1]
merge [190.0] [190.3]
merge [191] [192]
cut [193] [114, 93]
color [193.0] [0, 0, 0, 255]
merge [193.2] [193.1]
merge [193.0] [193.3]
merge [194] [195]
cut [196] [133, 82]
color [196.0] [0, 0, 0, 255]
merge [196.2] [196.1]
merge [196.0] [196.3]
merge [197] [198]
cut [199] [65, 148]
color [199.0] [0, 0, 0, 255]
merge [199.2] [199.1]
merge [199.0] [199.3]
merge [200] [201]
cut [202] [151, 74]
color [202.0] [0, 0, 0, 255]
merge [202.2] [202.1]
merge [202.0] [202.3]
merge [203] [204]
cut [205] [298, 102]
color [205.1] [0, 0, 0, 255]
merge [205.3] [205.0]
merge [205.1] [205.2]
merge [206] [207]
cut [208] [314, 116]
color [208.1] [0, 0, 0, 255]
merge [208.3] [208.0]
merge [208.1] [208.2]
merge [209] [210]
cut [211] [325, 133]
color [211.1] [0, 0, 0, 255]
merge [211.3] [211.0]
merge [211.1] [211.2]
merge [212] [213]
cut [214] [335, 148]
color [214.1] [0, 0, 0, 255]
merge [214.3] [214.0]
merge [214.1] [214.2]
merge [215] [216]
cut [217] [280, 89]
color [217.1] [0, 0, 0, 255]
merge [217.3] [217.0]
merge [217.1] [217.2]
merge [218] [219]
cut [220] [255, 78]
color [220.1] [0, 0, 0, 255]
merge [220.3] [220.0]
merge [220.1] [220.2]
merge [221] [222]
cut [223] [y] [67]
color [223.0] [0, 0, 0, 255]
merge [223.0] [223.1]
cut [224] [y] [358]
color [224.1] [0, 0, 0, 255]
merge [224.0] [224.1]
cut [225] [x] [49]
color [225.0] [0, 0, 0, 255]
merge [225.0] [225.1]
cut [226] [x] [351]
color [226.1] [0, 0, 0, 255]
merge [226.0] [226.1]
cut [227] [x] [378]
color [227.1] [0, 0, 0, 255]
color [227.1] [246, 247, 248, 255]
merge [227.0] [227.1]
cut [228] [x] [31]
color [228.0] [246, 247, 248, 255]
merge [228.0] [228.1]
cut [229] [y] [31]
color [229.0] [246, 247, 248, 255]
merge [229.0] [229.1]
cut [230] [y] [384]
color [230.1] [246, 247, 248, 255]
merge [230.0] [230.1]
