
color [0] [255, 222, 90, 255]
cut [0] [x] [323]
color [0.0] [201, 226, 101, 255]
merge [0.0] [0.1]
cut [1] [x] [221]
color [1.0] [126, 217, 87, 255]
merge [1.0] [1.1]
cut [2] [x] [169]
color [2.0] [0, 0, 0, 255]
merge [2.0] [2.1]

cut [3] [374, 25]
color [3.2] [94, 24, 235, 255]
merge [3.3] [3.0]
merge [3.1] [3.2]
merge [4] [5]
cut [6] [348, 25]
color [6.3] [0, 0, 0, 255]
merge [6.3] [6.0]
merge [6.1] [6.2]
merge [7] [8]
cut [9] [323, 25]
color [9.3] [255, 22, 25, 255]
merge [9.3] [9.0]
merge [9.1] [9.2]
merge [10] [11]
cut [12] [297, 25]
color [12.3] [0, 0, 0, 255]
merge [12.3] [12.0]
merge [12.1] [12.2]
merge [13] [14]
cut [15] [220, 24]
color [15.3] [126, 217, 87, 255]
merge [15.3] [15.0]
merge [15.1] [15.2]
merge [16] [17]
cut [18] [195, 24]
color [18.3] [0, 74, 174, 255]
merge [18.2] [18.1]
merge [18.0] [18.3]
merge [19] [20]
cut [21] [374, 51]
color [21.3] [126, 217, 87, 255]
merge [21.3] [21.0]
merge [21.1] [21.2]
merge [22] [23]
cut [24] [323, 51]
color [24.3] [255, 22, 25, 255]
merge [24.3] [24.0]
merge [24.1] [24.2]
merge [25] [26]
cut [27] [271, 51]
color [27.3] [0, 0, 0, 255]
merge [27.3] [27.0]
merge [27.1] [27.2]
merge [28] [29]
cut [30] [195, 50]
color [30.3] [0, 73, 173, 255]
merge [30.2] [30.1]
merge [30.0] [30.3]
merge [31] [32]
cut [33] [349, 77]
color [33.3] [0, 0, 0, 255]
merge [33.3] [33.0]
merge [33.1] [33.2]
merge [34] [35]
cut [36] [323, 77]
color [36.3] [255, 22, 25, 255]
merge [36.3] [36.0]
merge [36.1] [36.2]
merge [37] [38]
cut [39] [297, 77]
color [39.3] [0, 0, 0, 255]
merge [39.3] [39.0]
merge [39.1] [39.2]
merge [40] [41]
cut [42] [143, 21]
color [42.3] [0, 0, 0, 255]
merge [42.2] [42.1]
merge [42.0] [42.3]
merge [43] [44]
cut [45] [170, 50]
color [45.3] [217, 217, 217, 255]
merge [45.2] [45.1]
merge [45.0] [45.3]
merge [46] [47]
cut [48] [374, 102]
color [48.3] [0, 0, 0, 255]
merge [48.3] [48.0]
merge [48.1] [48.2]
merge [49] [50]
cut [51] [144, 76]
color [51.0] [0, 0, 0, 255]
merge [51.2] [51.1]
merge [51.0] [51.3]
merge [52] [53]
cut [54] [119, 76]
color [54.3] [201, 226, 101, 255]
merge [54.2] [54.1]
merge [54.0] [54.3]
merge [55] [56]
cut [57] [x] [15]
color [57.0] [0, 0, 0, 255]
merge [57.0] [57.1]
cut [58] [196, 102]
color [58.3] [255, 22, 23, 255]
merge [58.2] [58.1]
merge [58.0] [58.3]
merge [59] [60]
cut [61] [170, 101]
color [61.3] [217, 217, 217, 255]
merge [61.2] [61.1]
merge [61.0] [61.3]
merge [62] [63]
cut [64] [144, 103]
color [64.3] [93, 24, 234, 255]
merge [64.2] [64.1]
merge [64.0] [64.3]
merge [65] [66]
cut [67] [118, 101]
color [67.3] [0, 0, 0, 255]
merge [67.2] [67.1]
merge [67.0] [67.3]
merge [68] [69]
cut [70] [144, 128]
color [70.2] [255, 22, 23, 255]
merge [70.2] [70.1]
merge [70.0] [70.3]
merge [71] [72]
cut [73] [195, 127]
color [73.2] [0, 0, 0, 255]
merge [73.2] [73.1]
merge [73.0] [73.3]
merge [74] [75]
cut [76] [339, 182]
color [76.3] [0, 74, 173, 255]
merge [76.3] [76.0]
merge [76.1] [76.2]
merge [77] [78]
cut [79] [288, 180]
color [79.3] [0, 0, 0, 255]
merge [79.3] [79.0]
merge [79.1] [79.2]
merge [80] [81]
cut [82] [169, 153]
color [82.3] [0, 0, 0, 255]
merge [82.2] [82.1]
merge [82.0] [82.3]
merge [83] [84]
cut [85] [144, 153]
color [85.3] [93, 24, 234, 255]
merge [85.2] [85.1]
merge [85.0] [85.3]
merge [86] [87]
cut [88] [118, 104]
color [88.3] [0, 0, 0, 255]
merge [88.2] [88.1]
merge [88.0] [88.3]
merge [89] [90]
cut [91] [68, 141]
color [91.3] [255, 145, 77, 255]
merge [91.2] [91.1]
merge [91.0] [91.3]
merge [92] [93]
cut [94] [41, 141]
color [94.3] [0, 74, 173, 255]
merge [94.2] [94.1]
merge [94.0] [94.3]
merge [95] [96]
cut [97] [x] [15]
color [97.0] [0, 0, 0, 255]
merge [97.0] [97.1]
cut [98] [67, 166]
color [98.3] [94, 24, 235, 255]
merge [98.2] [98.1]
merge [98.0] [98.3]
merge [99] [100]
cut [101] [41, 167]
color [101.3] [0, 0, 0, 255]
merge [101.2] [101.1]
merge [101.0] [101.3]
merge [102] [103]
cut [104] [68, 193]
color [104.3] [0, 0, 0, 255]
merge [104.2] [104.1]
merge [104.0] [104.3]
merge [105] [106]
cut [107] [315, 208]
color [107.3] [216, 217, 217, 255]
merge [107.0] [107.1]
merge [107.2] [107.3]
merge [108] [109]
cut [110] [288, 205]
color [110.3] [0, 0, 0, 255]
merge [110.0] [110.1]
merge [110.2] [110.3]
merge [111] [112]
cut [113] [315, 233]
color [113.2] [0, 0, 0, 255]
merge [113.0] [113.1]
merge [113.2] [113.3]
merge [114] [115]
cut [116] [288, 285]
color [116.2] [0, 0, 0, 255]
merge [116.0] [116.1]
merge [116.2] [116.3]
merge [117] [118]
cut [119] [288, 233]
color [119.3] [216, 217, 217, 255]
merge [119.0] [119.1]
merge [119.2] [119.3]
merge [120] [121]
cut [122] [263, 226]
color [122.3] [0, 0, 0, 255]
merge [122.0] [122.1]
merge [122.2] [122.3]
merge [123] [124]
cut [125] [289, 259]
color [125.3] [255, 22, 23, 255]
merge [125.0] [125.1]
merge [125.2] [125.3]
merge [126] [127]
cut [128] [263, 258]
color [128.3] [0, 0, 0, 255]
merge [128.0] [128.1]
merge [128.2] [128.3]
merge [129] [130]
cut [131] [263, 284]
color [131.3] [255, 22, 23, 255]
merge [131.0] [131.1]
merge [131.2] [131.3]
merge [132] [133]
cut [134] [237, 208]
color [134.3] [0, 0, 0, 255]
merge [134.0] [134.1]
merge [134.2] [134.3]
merge [135] [136]
cut [137] [y] [336]
color [137.1] [0, 0, 0, 255]
merge [137.0] [137.1]
cut [138] [263, 310]
color [138.3] [0, 0, 0, 255]
merge [138.0] [138.1]
merge [138.2] [138.3]
merge [139] [140]
cut [141] [201, 225]
color [141.3] [0, 74, 173, 255]
merge [141.0] [141.1]
merge [141.2] [141.3]
merge [142] [143]
cut [144] [148, 206]
color [144.3] [0, 0, 0, 255]
merge [144.1] [144.0]
merge [144.2] [144.3]
merge [145] [146]
cut [147] [215, 304]
color [147.3] [0, 0, 0, 255]
merge [147.0] [147.1]
merge [147.2] [147.3]
merge [148] [149]
cut [150] [103, 225]
color [150.3] [201, 226, 101, 255]
merge [150.1] [150.0]
merge [150.2] [150.3]
merge [151] [152]
cut [153] [147, 251]
color [153.3] [0, 0, 0, 255]
merge [153.1] [153.0]
merge [153.2] [153.3]
merge [154] [155]
cut [156] [93, 284]
color [156.3] [255, 255, 255, 255]
merge [156.1] [156.0]
merge [156.2] [156.3]
merge [157] [158]
cut [159] [66, 254]
color [159.3] [0, 0, 0, 255]
merge [159.1] [159.0]
merge [159.2] [159.3]
merge [160] [161]
cut [162] [y] [362]
color [162.1] [0, 0, 0, 255]
merge [162.0] [162.1]
cut [163] [67, 310]
color [163.3] [255, 255, 255, 255]
merge [163.1] [163.0]
merge [163.2] [163.3]
merge [164] [165]
cut [166] [41, 253]
color [166.3] [0, 0, 0, 255]
merge [166.1] [166.0]
merge [166.2] [166.3]
merge [167] [168]
cut [169] [67, 336]
color [169.3] [0, 0, 0, 255]
merge [169.1] [169.0]
merge [169.2] [169.3]
merge [170] [171]
