color [0] [62, 73, 51, 255]
cut [0] [x] [47]
color [0.1] [27, 33, 29, 255]
merge [0.0] [0.1]
cut [1] [x] [221]
color [1.1] [43, 51, 52, 255]
merge [1.0] [1.1]
cut [2] [x] [294]
color [2.1] [67, 72, 69, 255]
merge [2.0] [2.1]
cut [3] [y] [27]
color [3.1] [56, 72, 88, 255]
merge [3.0] [3.1]
cut [4] [34,15]
color [4.2] [42, 44, 38, 255]
merge [4.2] [4.1]
merge [4.3] [4.0]
merge [5] [6]
cut [7] [54,15]
color [7.2] [29, 34, 31, 255]
merge [7.2] [7.1]
merge [7.3] [7.0]
merge [8] [9]
cut [10] [195,21]
color [10.2] [39, 46, 51, 255]
merge [10.2] [10.1]
merge [10.3] [10.0]
merge [11] [12]
cut [13] [246,14]
color [13.2] [52, 59, 66, 255]
merge [13.2] [13.1]
merge [13.3] [13.0]
merge [14] [15]
cut [16] [305,14]
color [16.2] [32, 37, 48, 255]
merge [16.2] [16.1]
merge [16.3] [16.0]
merge [17] [18]
cut [19] [352,3]
color [19.2] [47, 61, 77, 255]
merge [19.2] [19.1]
merge [19.3] [19.0]
merge [20] [21]
cut [22] [y] [60]
color [22.1] [41, 56, 84, 255]
merge [22.0] [22.1]
cut [23] [38,60]
color [23.2] [37, 43, 42, 255]
merge [23.2] [23.1]
merge [23.3] [23.0]
merge [24] [25]
cut [26] [70,60]
color [26.2] [29, 33, 30, 255]
merge [26.2] [26.1]
merge [26.3] [26.0]
merge [27] [28]
cut [29] [175,59]
color [29.2] [33, 45, 63, 255]
merge [29.2] [29.1]
merge [29.3] [29.0]
merge [30] [31]
cut [32] [204,60]
color [32.2] [55, 76, 100, 255]
merge [32.2] [32.1]
merge [32.3] [32.0]
merge [33] [34]
cut [35] [y] [97]
color [35.1] [92, 127, 164, 255]
merge [35.0] [35.1]
cut [36] [53,97]
color [36.2] [30, 34, 30, 255]
merge [36.2] [36.1]
merge [36.3] [36.0]
merge [37] [38]
cut [39] [153,106]
color [39.2] [55, 77, 113, 255]
merge [39.2] [39.1]
merge [39.3] [39.0]
merge [40] [41]
cut [42] [164,97]
color [42.2] [52, 79, 133, 255]
merge [42.2] [42.1]
merge [42.3] [42.0]
merge [43] [44]
cut [45] [199,99]
color [45.2] [37, 50, 94, 255]
merge [45.2] [45.1]
merge [45.3] [45.0]
merge [46] [47]
cut [48] [229,97]
color [48.2] [60, 82, 132, 255]
merge [48.2] [48.1]
merge [48.3] [48.0]
merge [49] [50]
cut [51] [y] [121]
color [51.1] [125, 153, 166, 255]
merge [51.0] [51.1]
cut [52] [49,118]
color [52.2] [28, 33, 30, 255]
merge [52.2] [52.1]
merge [52.3] [52.0]
merge [53] [54]
cut [55] [111,118]
color [55.2] [44, 49, 49, 255]
merge [55.2] [55.1]
merge [55.3] [55.0]
merge [56] [57]
cut [58] [138,118]
color [58.2] [126, 153, 158, 255]
merge [58.2] [58.1]
merge [58.3] [58.0]
merge [59] [60]
cut [61] [183,118]
color [61.2] [99, 131, 155, 255]
merge [61.2] [61.1]
merge [61.3] [61.0]
merge [62] [63]
cut [64] [274,118]
color [64.2] [50, 66, 110, 255]
merge [64.2] [64.1]
merge [64.3] [64.0]
merge [65] [66]
cut [67] [46,144]
color [67.2] [30, 36, 32, 255]
merge [67.2] [67.1]
merge [67.3] [67.0]
merge [68] [69]
cut [70] [106,144]
color [70.2] [69, 94, 122, 255]
merge [70.2] [70.1]
merge [70.3] [70.0]
merge [71] [72]
cut [73] [135,144]
color [73.2] [135, 160, 162, 255]
merge [73.2] [73.1]
merge [73.3] [73.0]
merge [74] [75]
cut [76] [y] [162]
color [76.1] [86, 122, 163, 255]
merge [76.0] [76.1]
cut [77] [49,162]
color [77.2] [61, 57, 49, 255]
merge [77.2] [77.1]
merge [77.3] [77.0]
merge [78] [79]
cut [80] [56,162]
color [80.2] [31, 37, 35, 255]
merge [80.2] [80.1]
merge [80.3] [80.0]
merge [81] [82]
cut [83] [101,162]
color [83.2] [84, 120, 157, 255]
merge [83.2] [83.1]
merge [83.3] [83.0]
merge [84] [85]
cut [86] [131,162]
color [86.2] [182, 192, 177, 255]
merge [86.2] [86.1]
merge [86.3] [86.0]
merge [87] [88]
cut [89] [187,162]
color [89.2] [125, 152, 171, 255]
merge [89.2] [89.1]
merge [89.3] [89.0]
merge [90] [91]
cut [92] [194,163]
color [92.2] [82, 118, 162, 255]
merge [92.2] [92.1]
merge [92.3] [92.0]
merge [93] [94]
cut [95] [310,162]
color [95.2] [121, 149, 171, 255]
merge [95.2] [95.1]
merge [95.3] [95.0]
merge [96] [97]
cut [98] [y] [212]
color [98.1] [115, 146, 174, 255]
merge [98.0] [98.1]
cut [99] [50,212]
color [99.2] [38, 47, 43, 255]
merge [99.2] [99.1]
merge [99.3] [99.0]
merge [100] [101]
cut [102] [91,212]
color [102.2] [61, 91, 136, 255]
merge [102.2] [102.1]
merge [102.3] [102.0]
merge [103] [104]
cut [105] [132,211]
color [105.2] [71, 109, 163, 255]
merge [105.2] [105.1]
merge [105.3] [105.0]
merge [106] [107]
cut [108] [161,208]
color [108.2] [113, 143, 175, 255]
merge [108.2] [108.1]
merge [108.3] [108.0]
merge [109] [110]
cut [111] [218,212]
color [111.2] [95, 127, 166, 255]
merge [111.2] [111.1]
merge [111.3] [111.0]
merge [112] [113]
cut [114] [y] [251]
color [114.1] [118, 148, 179, 255]
merge [114.0] [114.1]
cut [115] [65,251]
color [115.2] [35, 43, 39, 255]
merge [115.2] [115.1]
merge [115.3] [115.0]
merge [116] [117]
cut [118] [89,251]
color [118.2] [104, 134, 168, 255]
merge [118.2] [118.1]
merge [118.3] [118.0]
merge [119] [120]
cut [121] [266,252]
color [121.2] [130, 156, 184, 255]
merge [121.2] [121.1]
merge [121.3] [121.0]
merge [122] [123]
cut [124] [301,249]
color [124.2] [76, 109, 161, 255]
merge [124.2] [124.1]
merge [124.3] [124.0]
merge [125] [126]
cut [127] [y] [277]
color [127.1] [117, 144, 174, 255]
merge [127.0] [127.1]
cut [128] [72,277]
color [128.2] [38, 43, 39, 255]
merge [128.2] [128.1]
merge [128.3] [128.0]
merge [129] [130]
cut [131] [86,277]
color [131.2] [115, 144, 172, 255]
merge [131.2] [131.1]
merge [131.3] [131.0]
merge [132] [133]
cut [134] [162,277]
color [134.2] [48, 70, 106, 255]
merge [134.2] [134.1]
merge [134.3] [134.0]
merge [135] [136]
cut [137] [179,277]
color [137.2] [88, 121, 170, 255]
merge [137.2] [137.1]
merge [137.3] [137.0]
merge [138] [139]
cut [140] [y] [306]
color [140.1] [61, 81, 147, 255]
merge [140.0] [140.1]
cut [141] [23,298]
color [141.2] [52, 74, 136, 255]
merge [141.2] [141.1]
merge [141.3] [141.0]
merge [142] [143]
cut [144] [81,295]
color [144.2] [92, 124, 167, 255]
merge [144.2] [144.1]
merge [144.3] [144.0]
merge [145] [146]
cut [147] [y] [320]
color [147.1] [59, 83, 156, 255]
merge [147.0] [147.1]
cut [148] [67,320]
color [148.2] [40, 42, 40, 255]
merge [148.2] [148.1]
merge [148.3] [148.0]
merge [149] [150]
cut [151] [78,320]
color [151.2] [145, 150, 96, 255]
merge [151.2] [151.1]
merge [151.3] [151.0]
merge [152] [153]
cut [154] [113,319]
color [154.2] [53, 79, 149, 255]
merge [154.2] [154.1]
merge [154.3] [154.0]
merge [155] [156]
cut [157] [151,304]
color [157.2] [100, 128, 162, 255]
merge [157.2] [157.1]
merge [157.3] [157.0]
merge [158] [159]
cut [160] [y] [372]
color [160.1] [130, 153, 150, 255]
merge [160.0] [160.1]
cut [161] [51,354]
color [161.2] [47, 64, 131, 255]
merge [161.2] [161.1]
merge [161.3] [161.0]
merge [162] [163]
cut [164] [135,340]
color [164.2] [62, 83, 144, 255]
merge [164.2] [164.1]
merge [164.3] [164.0]
merge [165] [166]
cut [167] [277,349]
color [167.2] [117, 138, 142, 255]
merge [167.2] [167.1]
merge [167.3] [167.0]
merge [168] [169]
cut [170] [318,336]
color [170.2] [69, 92, 151, 255]
merge [170.2] [170.1]
merge [170.3] [170.0]
merge [171] [172]