
color [0] [0, 0, 0, 255]
cut [0] [281, 63]
color [0.3] [234, 0, 32, 255]
merge [0.3] [0.0]
merge [0.1] [0.2]
merge [1] [2]
cut [3] [x] [210]
color [3.0] [0, 0, 0, 255]
merge [3.0] [3.1]
cut [4] [213, 86]
color [4.3] [234, 0, 32, 255]
merge [4.3] [4.0]
merge [4.1] [4.2]
merge [5] [6]
cut [7] [196, 100]
color [7.0] [0, 0, 0, 255]
merge [7.2] [7.1]
merge [7.0] [7.3]
merge [8] [9]
cut [10] [151, 111]
color [10.0] [0, 0, 0, 255]
merge [10.2] [10.1]
merge [10.0] [10.3]
merge [11] [12]
cut [13] [102, 127]
color [13.0] [0, 0, 0, 255]
merge [13.2] [13.1]
merge [13.0] [13.3]
merge [14] [15]
cut [16] [280, 87]
color [16.2] [234, 0, 32, 255]
merge [16.3] [16.0]
merge [16.1] [16.2]
merge [17] [18]
cut [19] [341, 94]
color [19.1] [0, 0, 0, 255]
merge [19.3] [19.0]
merge [19.1] [19.2]
merge [20] [21]
cut [22] [354, 123]
color [22.1] [0, 0, 0, 255]
merge [22.3] [22.0]
merge [22.1] [22.2]
merge [23] [24]
cut [25] [358, 135]
color [25.1] [0, 0, 0, 255]
merge [25.3] [25.0]
merge [25.1] [25.2]
merge [26] [27]
cut [28] [40, 149]
color [28.0] [0, 0, 0, 255]
merge [28.2] [28.1]
merge [28.0] [28.3]
merge [29] [30]
cut [31] [37, 161]
color [31.0] [0, 0, 0, 255]
merge [31.2] [31.1]
merge [31.0] [31.3]
merge [32] [33]
cut [34] [48, 161]
color [34.3] [33, 81, 216, 255]
merge [34.2] [34.1]
merge [34.0] [34.3]
merge [35] [36]
cut [37] [62, 166]
color [37.3] [33, 81, 216, 255]
merge [37.2] [37.1]
merge [37.0] [37.3]
merge [38] [39]
cut [40] [78, 167]
color [40.3] [33, 81, 216, 255]
merge [40.2] [40.1]
merge [40.0] [40.3]
merge [41] [42]
cut [43] [107, 166]
color [43.3] [33, 81, 216, 255]
merge [43.2] [43.1]
merge [43.0] [43.3]
merge [44] [45]
cut [46] [335, 132]
color [46.2] [33, 81, 216, 255]
merge [46.3] [46.0]
merge [46.1] [46.2]
merge [47] [48]
cut [49] [316, 131]
color [49.2] [33, 81, 216, 255]
merge [49.3] [49.0]
merge [49.1] [49.2]
merge [50] [51]
cut [52] [300, 130]
color [52.2] [33, 81, 216, 255]
merge [52.3] [52.0]
merge [52.1] [52.2]
merge [53] [54]
cut [55] [279, 133]
color [55.2] [33, 81, 216, 255]
merge [55.3] [55.0]
merge [55.1] [55.2]
merge [56] [57]
cut [58] [263, 136]
color [58.2] [33, 81, 216, 255]
merge [58.3] [58.0]
merge [58.1] [58.2]
merge [59] [60]
cut [61] [250, 136]
color [61.2] [33, 81, 216, 255]
merge [61.3] [61.0]
merge [61.1] [61.2]
merge [62] [63]
cut [64] [238, 140]
color [64.2] [33, 81, 216, 255]
merge [64.3] [64.0]
merge [64.1] [64.2]
merge [65] [66]
cut [67] [223, 144]
color [67.2] [33, 81, 216, 255]
merge [67.3] [67.0]
merge [67.1] [67.2]
merge [68] [69]
cut [70] [212, 146]
color [70.2] [33, 81, 216, 255]
merge [70.3] [70.0]
merge [70.1] [70.2]
merge [71] [72]
cut [73] [198, 149]
color [73.2] [33, 81, 216, 255]
merge [73.2] [73.1]
merge [73.0] [73.3]
merge [74] [75]
cut [76] [185, 152]
color [76.2] [33, 81, 216, 255]
merge [76.2] [76.1]
merge [76.0] [76.3]
merge [77] [78]
cut [79] [175, 154]
color [79.2] [33, 81, 216, 255]
merge [79.2] [79.1]
merge [79.0] [79.3]
merge [80] [81]
cut [82] [166, 156]
color [82.2] [33, 81, 216, 255]
merge [82.2] [82.1]
merge [82.0] [82.3]
merge [83] [84]
cut [85] [156, 158]
color [85.2] [33, 81, 216, 255]
merge [85.2] [85.1]
merge [85.0] [85.3]
merge [86] [87]
cut [88] [145, 161]
color [88.2] [33, 81, 216, 255]
merge [88.2] [88.1]
merge [88.0] [88.3]
merge [89] [90]
cut [91] [136, 163]
color [91.2] [33, 81, 216, 255]
merge [91.2] [91.1]
merge [91.0] [91.3]
merge [92] [93]
cut [94] [124, 164]
color [94.2] [33, 81, 216, 255]
merge [94.2] [94.1]
merge [94.0] [94.3]
merge [95] [96]
cut [97] [112, 166]
color [97.2] [33, 81, 216, 255]
merge [97.2] [97.1]
merge [97.0] [97.3]
merge [98] [99]
cut [100] [102, 166]
color [100.2] [33, 81, 216, 255]
merge [100.2] [100.1]
merge [100.0] [100.3]
merge [101] [102]
cut [103] [376, 205]
color [103.1] [0, 0, 0, 255]
merge [103.0] [103.1]
merge [103.2] [103.3]
merge [104] [105]
cut [106] [366, 161]
color [106.1] [0, 0, 0, 255]
merge [106.3] [106.0]
merge [106.1] [106.2]
merge [107] [108]
cut [109] [356, 137]
color [109.1] [0, 0, 0, 255]
merge [109.3] [109.0]
merge [109.1] [109.2]
merge [110] [111]
cut [112] [34, 174]
color [112.0] [0, 0, 0, 255]
merge [112.2] [112.1]
merge [112.0] [112.3]
merge [113] [114]
cut [115] [30, 194]
color [115.0] [0, 0, 0, 255]
merge [115.2] [115.1]
merge [115.0] [115.3]
merge [116] [117]
cut [118] [25, 212]
color [118.0] [0, 0, 0, 255]
merge [118.1] [118.0]
merge [118.2] [118.3]
merge [119] [120]
cut [121] [25, 236]
color [121.0] [0, 0, 0, 255]
merge [121.1] [121.0]
merge [121.2] [121.3]
merge [122] [123]
cut [124] [24, 250]
color [124.0] [0, 0, 0, 255]
merge [124.1] [124.0]
merge [124.2] [124.3]
merge [125] [126]
cut [127] [362, 207]
color [127.2] [255, 255, 255, 255]
merge [127.0] [127.1]
merge [127.2] [127.3]
merge [128] [129]
cut [130] [339, 206]
color [130.2] [255, 255, 255, 255]
merge [130.0] [130.1]
merge [130.2] [130.3]
merge [131] [132]
cut [133] [317, 206]
color [133.2] [255, 255, 255, 255]
merge [133.0] [133.1]
merge [133.2] [133.3]
merge [134] [135]
cut [136] [305, 207]
color [136.2] [255, 255, 255, 255]
merge [136.0] [136.1]
merge [136.2] [136.3]
merge [137] [138]
cut [139] [286, 209]
color [139.2] [255, 255, 255, 255]
merge [139.0] [139.1]
merge [139.2] [139.3]
merge [140] [141]
cut [142] [270, 211]
color [142.2] [255, 255, 255, 255]
merge [142.0] [142.1]
merge [142.2] [142.3]
merge [143] [144]
cut [145] [258, 215]
color [145.2] [255, 255, 255, 255]
merge [145.0] [145.1]
merge [145.2] [145.3]
merge [146] [147]
cut [148] [243, 218]
color [148.2] [255, 255, 255, 255]
merge [148.0] [148.1]
merge [148.2] [148.3]
merge [149] [150]
cut [151] [232, 221]
color [151.2] [255, 255, 255, 255]
merge [151.0] [151.1]
merge [151.2] [151.3]
merge [152] [153]
cut [154] [221, 224]
color [154.2] [255, 255, 255, 255]
merge [154.0] [154.1]
merge [154.2] [154.3]
merge [155] [156]
cut [157] [205, 227]
color [157.2] [255, 255, 255, 255]
merge [157.0] [157.1]
merge [157.2] [157.3]
merge [158] [159]
cut [160] [193, 233]
color [160.2] [255, 255, 255, 255]
merge [160.1] [160.0]
merge [160.2] [160.3]
merge [161] [162]
cut [163] [182, 237]
color [163.2] [255, 255, 255, 255]
merge [163.1] [163.0]
merge [163.2] [163.3]
merge [164] [165]
cut [166] [167, 241]
color [166.2] [255, 255, 255, 255]
merge [166.1] [166.0]
merge [166.2] [166.3]
merge [167] [168]
cut [169] [149, 245]
color [169.2] [255, 255, 255, 255]
merge [169.1] [169.0]
merge [169.2] [169.3]
merge [170] [171]
cut [172] [140, 248]
color [172.2] [255, 255, 255, 255]
merge [172.1] [172.0]
merge [172.2] [172.3]
merge [173] [174]
cut [175] [125, 286]
color [175.2] [255, 255, 255, 255]
merge [175.1] [175.0]
merge [175.2] [175.3]
merge [176] [177]
cut [178] [116, 292]
color [178.2] [255, 255, 255, 255]
merge [178.1] [178.0]
merge [178.2] [178.3]
merge [179] [180]
cut [181] [100, 295]
color [181.2] [255, 255, 255, 255]
merge [181.1] [181.0]
merge [181.2] [181.3]
merge [182] [183]
cut [184] [104, 295]
color [184.3] [255, 255, 255, 255]
merge [184.1] [184.0]
merge [184.2] [184.3]
merge [185] [186]
cut [187] [71, 273]
color [187.3] [255, 255, 255, 255]
merge [187.1] [187.0]
merge [187.2] [187.3]
merge [188] [189]
cut [190] [69, 255]
color [190.3] [255, 255, 255, 255]
merge [190.1] [190.0]
merge [190.2] [190.3]
merge [191] [192]
cut [193] [x] [380]
color [193.1] [0, 0, 0, 255]
merge [193.0] [193.1]
cut [194] [x] [25]
color [194.0] [0, 0, 0, 255]
merge [194.0] [194.1]
cut [195] [338, 257]
color [195.2] [0, 0, 0, 255]
merge [195.0] [195.1]
merge [195.2] [195.3]
merge [196] [197]
cut [198] [305, 252]
color [198.2] [0, 0, 0, 255]
merge [198.0] [198.1]
merge [198.2] [198.3]
merge [199] [200]
cut [201] [270, 260]
color [201.2] [0, 0, 0, 255]
merge [201.0] [201.1]
merge [201.2] [201.3]
merge [202] [203]
cut [204] [236, 281]
color [204.2] [0, 0, 0, 255]
merge [204.0] [204.1]
merge [204.2] [204.3]
merge [205] [206]
cut [207] [211, 287]
color [207.2] [0, 0, 0, 255]
merge [207.0] [207.1]
merge [207.2] [207.3]
merge [208] [209]
cut [210] [184, 303]
color [210.2] [0, 0, 0, 255]
merge [210.1] [210.0]
merge [210.2] [210.3]
merge [211] [212]
cut [213] [161, 313]
color [213.2] [0, 0, 0, 255]
merge [213.1] [213.0]
merge [213.2] [213.3]
merge [214] [215]
cut [216] [134, 328]
color [216.2] [0, 0, 0, 255]
merge [216.1] [216.0]
merge [216.2] [216.3]
merge [217] [218]
cut [219] [y] [330]
color [219.1] [0, 0, 0, 255]
merge [219.0] [219.1]
cut [220] [47, 307]
color [220.3] [0, 0, 0, 255]
merge [220.1] [220.0]
merge [220.2] [220.3]
merge [221] [222]
cut [223] [236, 74]
color [223.0] [0, 0, 0, 255]
merge [223.3] [223.0]
merge [223.1] [223.2]
merge [224] [225]
cut [226] [260, 70]
color [226.0] [0, 0, 0, 255]
merge [226.3] [226.0]
merge [226.1] [226.2]
