cut [0] [349,135]
color [0.3] [123, 123, 123, 255]
merge [0.2] [0.1]
merge [0.3] [0.0]
merge [1] [2]
cut [3] [299,136]
color [3.3] [252, 253, 253, 254]
merge [3.2] [3.1]
merge [3.3] [3.0]
merge [4] [5]
cut [6] [290,135]
color [6.3] [120, 120, 120, 255]
merge [6.2] [6.1]
merge [6.3] [6.0]
merge [7] [8]
cut [9] [250,135]
color [9.3] [255, 255, 255, 255]
merge [9.2] [9.1]
merge [9.3] [9.0]
merge [10] [11]
cut [12] [198,135]
color [12.3] [0, 0, 0, 255]
merge [12.2] [12.1]
merge [12.3] [12.0]
merge [13] [14]
cut [15] [145,134]
color [15.3] [255, 255, 255, 255]
merge [15.2] [15.1]
merge [15.3] [15.0]
merge [16] [17]
cut [18] [110,135]
color [18.3] [0, 0, 0, 255]
merge [18.2] [18.1]
merge [18.3] [18.0]
merge [19] [20]
cut [21] [77,135]
color [21.3] [255, 255, 255, 255]
merge [21.2] [21.1]
merge [21.3] [21.0]
merge [22] [23]
cut [24] [y] [150]
color [24.1] [255, 255, 255, 255]
merge [24.0] [24.1]
cut [25] [161,150]
color [25.3] [0, 0, 0, 255]
merge [25.2] [25.1]
merge [25.3] [25.0]
merge [26] [27]
cut [28] [91,145]
color [28.3] [255, 255, 255, 255]
merge [28.2] [28.1]
merge [28.3] [28.0]
merge [29] [30]
cut [31] [187,192]
color [31.3] [43, 43, 43, 255]
merge [31.2] [31.1]
merge [31.3] [31.0]
merge [32] [33]
cut [34] [184,192]
color [34.3] [0, 0, 0, 255]
merge [34.2] [34.1]
merge [34.3] [34.0]
merge [35] [36]
cut [37] [100,172]
color [37.3] [255, 255, 255, 255]
merge [37.2] [37.1]
merge [37.3] [37.0]
merge [38] [39]
cut [40] [325,210]
color [40.3] [0, 0, 0, 255]
merge [40.2] [40.1]
merge [40.3] [40.0]
merge [41] [42]
cut [43] [319,210]
color [43.3] [255, 255, 255, 255]
merge [43.2] [43.1]
merge [43.3] [43.0]
merge [44] [45]
cut [46] [253,213]
color [46.3] [12, 12, 12, 255]
merge [46.2] [46.1]
merge [46.3] [46.0]
merge [47] [48]
cut [49] [233,213]
color [49.3] [255, 255, 255, 255]
merge [49.2] [49.1]
merge [49.3] [49.0]
merge [50] [51]
cut [52] [202,206]
color [52.3] [0, 0, 0, 255]
merge [52.2] [52.1]
merge [52.3] [52.0]
merge [53] [54]
cut [55] [114,212]
color [55.3] [254, 254, 254, 255]
merge [55.2] [55.1]
merge [55.3] [55.0]
merge [56] [57]
cut [58] [107,192]
color [58.3] [255, 255, 255, 255]
merge [58.2] [58.1]
merge [58.3] [58.0]
merge [59] [60]
cut [61] [50,243]
color [61.2] [0, 0, 0, 255]
merge [61.2] [61.1]
merge [61.3] [61.0]
merge [62] [63]
cut [64] [87,243]
color [64.2] [255, 255, 255, 255]
merge [64.2] [64.1]
merge [64.3] [64.0]
merge [65] [66]
cut [67] [111,243]
color [67.2] [0, 0, 0, 255]
merge [67.2] [67.1]
merge [67.3] [67.0]
merge [68] [69]
cut [70] [218,243]
color [70.2] [11, 11, 11, 255]
merge [70.2] [70.1]
merge [70.3] [70.0]
merge [71] [72]
cut [73] [243,243]
color [73.2] [254, 254, 254, 255]
merge [73.2] [73.1]
merge [73.3] [73.0]
merge [74] [75]
cut [76] [253,243]
color [76.2] [1, 1, 1, 255]
merge [76.2] [76.1]
merge [76.3] [76.0]
merge [77] [78]
cut [79] [279,243]
color [79.2] [252, 252, 252, 255]
merge [79.2] [79.1]
merge [79.3] [79.0]
merge [80] [81]
cut [82] [286,243]
color [82.2] [0, 0, 0, 255]
merge [82.2] [82.1]
merge [82.3] [82.0]
merge [83] [84]
cut [85] [345,216]
color [85.2] [255, 255, 255, 255]
merge [85.2] [85.1]
merge [85.3] [85.0]
merge [86] [87]
cut [88] [y] [250]
color [88.1] [255, 255, 255, 255]
merge [88.0] [88.1]
cut [89] [63,250]
color [89.2] [0, 0, 0, 255]
merge [89.2] [89.1]
merge [89.3] [89.0]
merge [90] [91]
cut [92] [127,255]
color [92.2] [254, 254, 254, 255]
merge [92.2] [92.1]
merge [92.3] [92.0]
merge [93] [94]
cut [95] [135,250]
color [95.2] [0, 0, 0, 255]
merge [95.2] [95.1]
merge [95.3] [95.0]
merge [96] [97]
cut [98] [223,249]
color [98.2] [121, 121, 121, 255]
merge [98.2] [98.1]
merge [98.3] [98.0]
merge [99] [100]
cut [101] [225,250]
color [101.2] [255, 255, 255, 255]
merge [101.2] [101.1]
merge [101.3] [101.0]
merge [102] [103]
cut [104] [y] [269]
color [104.1] [255, 255, 255, 255]
merge [104.0] [104.1]
cut [105] [80,269]
color [105.2] [193, 193, 193, 255]
merge [105.2] [105.1]
merge [105.3] [105.0]
merge [106] [107]
cut [108] [77,269]
color [108.2] [0, 0, 0, 255]
merge [108.2] [108.1]
merge [108.3] [108.0]
merge [109] [110]
cut [111] [117,269]
color [111.2] [255, 255, 255, 255]
merge [111.2] [111.1]
merge [111.3] [111.0]
merge [112] [113]
cut [114] [147,269]
color [114.2] [46, 47, 46, 255]
merge [114.2] [114.1]
merge [114.3] [114.0]
merge [115] [116]
cut [117] [150,269]
color [117.2] [0, 0, 0, 255]
merge [117.2] [117.1]
merge [117.3] [117.0]
merge [118] [119]
cut [120] [232,269]
color [120.2] [255, 255, 255, 255]
merge [120.2] [120.1]
merge [120.3] [120.0]
merge [121] [122]
cut [123] [y] [279]
color [123.1] [255, 255, 255, 255]
merge [123.0] [123.1]
cut [124] [171,279]
color [124.2] [38, 38, 38, 255]
merge [124.2] [124.1]
merge [124.3] [124.0]
merge [125] [126]
cut [127] [178,279]
color [127.2] [0, 0, 0, 255]
merge [127.2] [127.1]
merge [127.3] [127.0]
merge [128] [129]
cut [130] [248,259]
color [130.2] [255, 255, 255, 255]
merge [130.2] [130.1]
merge [130.3] [130.0]
merge [131] [132]
cut [133] [y] [289]
color [133.1] [255, 255, 255, 255]
merge [133.0] [133.1]