
color [0] [0, 0, 0, 255]
cut [0] [239, 199]
color [0.2] [180, 157, 119, 255]
merge [0.2] [0.3]
merge [0.1] [0.0]
merge [1] [2]
cut [3] [232, 207]
color [3.2] [180, 157, 119, 255]
merge [3.2] [3.3]
merge [3.1] [3.0]
merge [4] [5]
cut [6] [226, 240]
color [6.2] [180, 157, 119, 255]
merge [6.2] [6.3]
merge [6.1] [6.0]
merge [7] [8]
cut [9] [223, 283]
color [9.2] [180, 157, 119, 255]
merge [9.1] [9.2]
merge [9.3] [9.0]
merge [10] [11]
cut [12] [y] [316]
color [12.1] [180, 157, 119, 255]
merge [12.0] [12.1]
cut [13] [206, 290]
color [13.3] [180, 157, 119, 255]
merge [13.2] [13.1]
merge [13.3] [13.0]
merge [14] [15]
cut [16] [201, 268]
color [16.3] [180, 157, 119, 255]
merge [16.2] [16.1]
merge [16.3] [16.0]
merge [17] [18]
cut [19] [197, 249]
color [19.3] [180, 157, 119, 255]
merge [19.2] [19.1]
merge [19.3] [19.0]
merge [20] [21]
cut [22] [191, 235]
color [22.3] [180, 157, 119, 255]
merge [22.2] [22.1]
merge [22.3] [22.0]
merge [23] [24]
cut [25] [189, 223]
color [25.3] [180, 157, 119, 255]
merge [25.2] [25.1]
merge [25.3] [25.0]
merge [26] [27]
cut [28] [185, 211]
color [28.3] [180, 157, 119, 255]
merge [28.2] [28.1]
merge [28.3] [28.0]
merge [29] [30]
cut [31] [175, 200]
color [31.3] [180, 157, 119, 255]
merge [31.3] [31.2]
merge [31.1] [31.0]
merge [32] [33]
cut [34] [254, 148]
color [34.1] [180, 157, 119, 255]
merge [34.1] [34.0]
merge [34.2] [34.3]
merge [36] [35]
cut [37] [234, 144]
color [37.1] [180, 157, 119, 255]
merge [37.2] [37.3]
merge [37.1] [37.0]
merge [38] [39]
cut [40] [227, 126]
color [40.1] [180, 157, 119, 255]
merge [40.2] [40.3]
merge [40.0] [40.1]
merge [41] [42]
cut [43] [218, 110]
color [43.1] [180, 157, 119, 255]
merge [43.2] [43.1]
merge [43.3] [43.0]
merge [44] [45]
cut [46] [212, 94]
color [46.1] [180, 157, 119, 255]
merge [46.2] [46.1]
merge [46.3] [46.0]
merge [47] [48]
cut [49] [188, 88]
color [49.0] [180, 157, 119, 255]
merge [49.3] [49.0]
merge [49.2] [49.1]
merge [51] [50]

cut [52] [183, 100]
color [52.0] [180, 157, 119, 255]
merge [52.3] [52.0]
merge [52.2] [52.1]
merge [54] [53]
cut [55] [181, 113]
color [55.0] [180, 157, 119, 255]
merge [55.3] [55.0]
merge [55.2] [55.1]
merge [57] [56]
cut [58] [176, 127]
color [58.0] [180, 157, 119, 255]
merge [58.3] [58.0]
merge [58.2] [58.1]
merge [60] [59]
cut [61] [173, 141]
color [61.0] [180, 157, 119, 255]
merge [61.3] [61.0]
merge [61.2] [61.1]
merge [63] [62]
cut [64] [166, 150]
color [64.0] [180, 157, 119, 255]
merge [64.3] [64.2]
merge [64.1] [64.0]
merge [65] [66]
cut [67] [155, 155]
color [67.0] [180, 157, 119, 255]
merge [67.0] [67.1]
merge [67.3] [67.2]
merge [69] [68]
cut [70] [132, 158]
color [70.0] [180, 157, 119, 255]
merge [70.0] [70.1]
merge [70.3] [70.2]
merge [72] [71]
cut [73] [118, 163]
color [73.0] [180, 157, 119, 255]

merge [73.1] [73.0]
merge [73.2] [73.3]
merge [75] [74]
cut [76] [104, 167]
color [76.0] [180, 157, 119, 255]
merge [76.1] [76.0]
merge [76.2] [76.3]
merge [78] [77]
cut [79] [x] [105]
color [79.0] [180, 157, 119, 255]
merge [79.1] [79.0]
cut [80] [x] [307]
color [80.1] [180, 157, 119, 255]
merge [80.1] [80.0]

cut [81] [297, 169]
color [81.2] [180, 157, 119, 255]
merge [81.1] [81.0]
merge [81.2] [81.3]
merge [83] [82]
cut [84] [286, 174]
color [84.2] [180, 157, 119, 255]
merge [84.2] [84.3]
merge [84.1] [84.0]
merge [85] [86]
cut [87] [274, 178]
color [87.2] [180, 157, 119, 255]
merge [87.1] [87.0]
merge [87.2] [87.3]
merge [89] [88]
cut [90] [261, 184]
color [90.2] [180, 157, 119, 255]
merge [90.2] [90.3]
merge [90.1] [90.0]
merge [91] [92]
cut [93] [250, 189]
color [93.2] [180, 157, 119, 255]
merge [93.2] [93.3]
merge [93.0] [93.1]
merge [94] [95]
cut [96] [139, 190]
color [96.3] [180, 157, 119, 255]
merge [96.3] [96.2]
merge [96.1] [96.0]
merge [97] [98]
