
color [0] [114, 58, 146, 255]
cut [0] [328, 154]
color [0.2] [255, 255, 255, 255]
merge [0.3] [0.0]
merge [0.1] [0.2]
merge [1] [2]
cut [3] [320, 158]
color [3.2] [255, 255, 255, 255]
merge [3.3] [3.0]
merge [3.1] [3.2]
merge [4] [5]
cut [6] [316, 165]
color [6.2] [255, 255, 255, 255]
merge [6.3] [6.0]
merge [6.1] [6.2]
merge [7] [8]
cut [9] [312, 176]
color [9.2] [255, 255, 255, 255]
merge [9.3] [9.0]
merge [9.1] [9.2]
merge [10] [11]
cut [12] [309, 194]
color [12.2] [255, 255, 255, 255]
merge [12.3] [12.0]
merge [12.1] [12.2]
merge [13] [14]
cut [15] [305, 206]
color [15.2] [255, 255, 255, 255]
merge [15.0] [15.1]
merge [15.2] [15.3]
merge [16] [17]
cut [18] [300, 221]
color [18.2] [255, 255, 255, 255]
merge [18.0] [18.1]
merge [18.2] [18.3]
merge [19] [20]
cut [21] [295, 239]
color [21.2] [255, 255, 255, 255]
merge [21.0] [21.1]
merge [21.2] [21.3]
merge [22] [23]
cut [24] [290, 254]
color [24.2] [255, 255, 255, 255]
merge [24.0] [24.1]
merge [24.2] [24.3]
merge [25] [26]
cut [27] [284, 269]
color [27.2] [255, 255, 255, 255]
merge [27.0] [27.1]
merge [27.2] [27.3]
merge [28] [29]
cut [30] [278, 282]
color [30.2] [255, 255, 255, 255]
merge [30.0] [30.1]
merge [30.2] [30.3]
merge [31] [32]
cut [33] [272, 289]
color [33.2] [255, 255, 255, 255]
merge [33.0] [33.1]
merge [33.2] [33.3]
merge [34] [35]
cut [36] [266, 298]
color [36.2] [255, 255, 255, 255]
merge [36.0] [36.1]
merge [36.2] [36.3]
merge [37] [38]
cut [39] [260, 303]
color [39.2] [255, 255, 255, 255]
merge [39.0] [39.1]
merge [39.2] [39.3]
merge [40] [41]
cut [42] [252, 308]
color [42.2] [255, 255, 255, 255]
merge [42.0] [42.1]
merge [42.2] [42.3]
merge [43] [44]
cut [45] [244, 314]
color [45.2] [255, 255, 255, 255]
merge [45.0] [45.1]
merge [45.2] [45.3]
merge [46] [47]
cut [48] [227, 284]
color [48.0] [255, 255, 255, 255]
merge [48.0] [48.1]
merge [48.2] [48.3]
merge [49] [50]
cut [51] [238, 282]
color [51.0] [255, 255, 255, 255]
merge [51.0] [51.1]
merge [51.2] [51.3]
merge [52] [53]
cut [54] [247, 277]
color [54.0] [255, 255, 255, 255]
merge [54.0] [54.1]
merge [54.2] [54.3]
merge [55] [56]
cut [57] [254, 269]
color [57.0] [255, 255, 255, 255]
merge [57.0] [57.1]
merge [57.2] [57.3]
merge [58] [59]
cut [60] [275, 216]
color [60.0] [255, 255, 255, 255]
merge [60.0] [60.1]
merge [60.2] [60.3]
merge [61] [62]
cut [63] [281, 210]
color [63.0] [255, 255, 255, 255]
merge [63.0] [63.1]
merge [63.2] [63.3]
merge [64] [65]
cut [66] [287, 194]
color [66.0] [255, 255, 255, 255]
merge [66.3] [66.0]
merge [66.1] [66.2]
merge [67] [68]
cut [69] [290, 160]
color [69.0] [255, 255, 255, 255]
merge [69.3] [69.0]
merge [69.1] [69.2]
merge [70] [71]
cut [72] [298, 136]
color [72.0] [255, 255, 255, 255]
merge [72.3] [72.0]
merge [72.1] [72.2]
merge [73] [74]
cut [75] [305, 121]
color [75.0] [255, 255, 255, 255]
merge [75.3] [75.0]
merge [75.1] [75.2]
merge [77] [76]
cut [78] [x] [348]
color [78.1] [255, 255, 255, 255]
merge [78.0] [78.1]
cut [79] [y] [113]
color [79.0] [255, 255, 255, 255]
merge [79.0] [79.1]
cut [80] [y] [320]
color [80.1] [255, 255, 255, 255]
merge [80.0] [80.1]
cut [81] [x] [194]
color [81.0] [255, 255, 255, 255]
merge [81.0] [81.1]
