
color [0] [84, 56, 38, 255]
cut [0] [y] [253]
color [0.1] [255, 219, 172, 255]
merge [0.0] [0.1]
cut [1] [y] [239]
color [1.0] [255, 219, 172, 255]
merge [1.0] [1.1]
cut [2] [x] [213]
color [2.1] [255, 219, 172, 255]
merge [2.0] [2.1]
cut [3] [x] [136]
color [3.0] [255, 219, 172, 255]
merge [3.0] [3.1]
cut [4] [x] [155]
cut [4.1] [x] [194]
color [4.1.0] [255, 219, 172, 255]
merge [4.1.1] [4.1.0]
merge [5] [4.0]
cut [6] [y] [234]
color [6.0] [244, 140, 167, 255]
cut [6.0] [y] [225]
color [6.0.0] [255, 219, 172, 255]
merge [6.0.1] [6.0.0]
cut [7] [x] [192]
color [7.1] [255, 219, 172, 255]
merge [7.1] [7.0]
cut [8] [x] [157]
color [8.0] [255, 219, 172, 255]
merge [8.0] [8.1]
merge [6.1] [9]
cut [10] [y] [327]
color [10.1] [101, 95, 104, 255]
merge [10.0] [10.1]
cut [11] [x] [229]
color [11.1] [101, 95, 104, 255]
merge [11.0] [11.1]
cut [12] [x] [123]
color [12.0] [101, 95, 104, 255]
merge [12.0] [12.1]
cut [13] [142, 321]
color [13.3] [101, 95, 104, 255]
merge [13.1] [13.0]
merge [13.2] [13.3]
merge [14] [15]
cut [16] [132, 311]
color [16.3] [101, 95, 104, 255]
merge [16.1] [16.0]
merge [16.2] [16.3]
merge [17] [18]
cut [19] [128, 296]
color [19.3] [101, 95, 104, 255]
merge [19.1] [19.0]
merge [19.2] [19.3]
merge [20] [21]
cut [22] [211, 320]
color [22.2] [101, 95, 104, 255]
merge [22.0] [22.1]
merge [22.2] [22.3]
merge [23] [24]
cut [25] [220, 307]
color [25.2] [101, 95, 104, 255]
merge [25.0] [25.1]
merge [25.2] [25.3]
merge [26] [27]
cut [28] [225, 293]
color [28.2] [101, 95, 104, 255]
merge [28.0] [28.1]
merge [28.2] [28.3]
merge [29] [30]
cut [31] [y] [155]
cut [31.1] [130, 198]
color [31.1.0] [101, 95, 104, 255]
merge [31.1.3] [31.1.0]
merge [31.1.2] [31.1.1]
merge [32] [33]
cut [34] [141, 184]
color [34.0] [101, 95, 104, 255]
merge [34.3] [34.0]
merge [34.2] [34.1]
merge [35] [36]
merge [37] [31.0]
cut [38] [y] [80]
color [38.0] [173, 106, 106, 255]
merge [38.0] [38.1]
cut [39] [138, 90]
color [39.0] [101, 95, 104, 255]
merge [39.2] [39.1]
merge [39.0] [39.3]
merge [40] [41]
cut [42] [135, 189]
color [42.0] [101, 95, 104, 255]
merge [42.2] [42.1]
merge [42.0] [42.3]
merge [43] [44]
cut [45] [231, 80]
color [45.1] [101, 95, 104, 255]
merge [45.3] [45.0]
merge [45.1] [45.2]
merge [46] [47]
cut [48] [210, 69]
color [48.1] [101, 95, 104, 255]
merge [48.3] [48.0]
merge [48.1] [48.2]
merge [49] [50]
cut [51] [y] [66]
color [51.0] [101, 95, 104, 255]
merge [51.0] [51.1]
cut [52] [150, 71]
color [52.0] [101, 95, 104, 255]
merge [52.2] [52.1]
merge [52.0] [52.3]
merge [53] [54]
cut [55] [162, 146]
cut [55.3] [y] [174]
color [55.3.0] [101, 95, 104, 255]
merge [55.3.1] [55.3.0]
merge [56] [55.0]
merge [55.2] [55.1]
merge [57] [58]
cut [59] [213, 173]
cut [59.1] [y] [142]
color [59.1.1] [101, 95, 104, 255]
merge [59.2] [59.1.1]
merge [60] [59.1.0]
merge [59.3] [59.0]
merge [61] [62]
cut [63] [x] [312]
color [63.1] [89, 74, 60, 255]
merge [63.0] [63.1]
cut [64] [x] [376]
color [64.1] [81, 73, 86, 255]
merge [64.0] [64.1]
cut [65] [297, 48]
color [65.2] [149, 117, 87, 255]
merge [65.3] [65.0]
merge [65.1] [65.2]
merge [66] [67]
cut [68] [291, 68]
color [68.2] [178, 132, 83, 255]
merge [68.3] [68.0]
merge [68.1] [68.2]
merge [69] [70]
cut [71] [285, 90]
color [71.2] [173, 106, 106, 255]
merge [71.3] [71.0]
merge [71.1] [71.2]
merge [72] [73]
cut [74] [348, 108]
color [74.2] [178, 132, 83, 255]
merge [74.3] [74.0]
merge [74.1] [74.2]
merge [75] [76]
cut [77] [314, 140]
color [77.2] [178, 132, 83, 255]
merge [77.3] [77.0]
merge [77.1] [77.2]
merge [78] [79]
cut [80] [299, 180]
color [80.2] [178, 132, 83, 255]
merge [80.3] [80.0]
merge [80.1] [80.2]
merge [81] [82]
cut [83] [341, 155]
color [83.2] [93, 85, 96, 255]
merge [83.3] [83.0]
merge [83.1] [83.2]
merge [84] [85]
cut [86] [281, 206]
color [86.2] [178, 132, 83, 255]
merge [86.0] [86.1]
merge [86.2] [86.3]
merge [87] [88]
cut [89] [338, 206]
color [89.2] [93, 85, 96, 255]
merge [89.0] [89.1]
merge [89.2] [89.3]
merge [90] [91]
cut [92] [278, 226]
color [92.2] [93, 85, 96, 255]
merge [92.0] [92.1]
merge [92.2] [92.3]
merge [93] [94]
cut [95] [276, 256]
color [95.2] [178, 132, 83, 255]
merge [95.0] [95.1]
merge [95.2] [95.3]
merge [96] [97]
cut [98] [276, 272]
color [98.2] [149, 117, 87, 255]
merge [98.0] [98.1]
merge [98.2] [98.3]
merge [99] [100]
cut [101] [334, 271]
color [101.2] [201, 188, 142, 255]
merge [101.0] [101.1]
merge [101.2] [101.3]
merge [102] [103]
cut [104] [266, 310]
color [104.2] [201, 188, 142, 255]
merge [104.0] [104.1]
merge [104.2] [104.3]
merge [105] [106]

cut [107] [x] [80]
color [107.0] [127, 93, 70, 255]
merge [107.0] [107.1]
cut [108] [75, 18]
color [108.3] [89, 74, 60, 255]
merge [108.2] [108.1]
merge [108.0] [108.3]
merge [109] [110]
cut [111] [71, 32]
color [111.3] [149, 117, 87, 255]
merge [111.2] [111.1]
merge [111.0] [111.3]
merge [112] [113]
cut [114] [80, 52]
color [114.3] [177, 132, 83, 255]
merge [114.2] [114.1]
merge [114.0] [114.3]
merge [115] [116]
cut [117] [82, 66]
color [117.3] [96, 69, 51, 255]
merge [117.2] [117.1]
merge [117.0] [117.3]
merge [118] [119]
cut [120] [86, 84]
color [120.3] [173, 106, 106, 255]
merge [120.2] [120.1]
merge [120.0] [120.3]
merge [121] [122]
cut [123] [18, 85]
color [123.3] [96, 69, 51, 255]
merge [123.2] [123.1]
merge [123.0] [123.3]
merge [124] [125]
cut [126] [85, 101]
color [126.3] [96, 69, 51, 255]
merge [126.2] [126.1]
merge [126.0] [126.3]
merge [127] [128]
cut [129] [62, 101]
color [129.3] [173, 106, 106, 255]
merge [129.2] [129.1]
merge [129.0] [129.3]
merge [130] [131]
cut [132] [17, 99]
color [132.3] [96, 69, 51, 255]
merge [132.2] [132.1]
merge [132.0] [132.3]
merge [133] [134]
cut [135] [84, 132]
color [135.3] [173, 106, 106, 255]
merge [135.2] [135.1]
merge [135.0] [135.3]
merge [136] [137]
cut [138] [43, 135]
color [138.3] [96, 69, 51, 255]
merge [138.2] [138.1]
merge [138.0] [138.3]
merge [139] [140]
cut [141] [64, 146]
color [141.3] [96, 69, 51, 255]
merge [141.2] [141.1]
merge [141.0] [141.3]
merge [142] [143]
cut [144] [85, 162]
color [144.3] [173, 106, 106, 255]
merge [144.2] [144.1]
merge [144.0] [144.3]
merge [145] [146]
cut [147] [45, 162]
color [147.3] [96, 69, 51, 255]
merge [147.2] [147.1]
merge [147.0] [147.3]
merge [148] [149]
cut [150] [86, 174]
color [150.3] [96, 69, 51, 255]
merge [150.2] [150.1]
merge [150.0] [150.3]
merge [151] [152]
cut [153] [70, 173]
color [153.3] [173, 106, 106, 255]
merge [153.2] [153.1]
merge [153.0] [153.3]
merge [154] [155]
cut [156] [72, 186]
color [156.3] [96, 69, 51, 255]
merge [156.2] [156.1]
merge [156.0] [156.3]
merge [157] [158]
cut [159] [30, 166]
color [159.3] [96, 69, 51, 255]
merge [159.2] [159.1]
merge [159.0] [159.3]
merge [160] [161]
cut [162] [48, 193]
color [162.3] [84, 57, 39, 255]
merge [162.2] [162.1]
merge [162.0] [162.3]
merge [163] [164]
cut [165] [84, 215]
color [165.3] [84, 57, 39, 255]
merge [165.1] [165.0]
merge [165.2] [165.3]
merge [166] [167]
cut [168] [37, 225]
color [168.3] [93, 85, 96, 255]
merge [168.1] [168.0]
merge [168.2] [168.3]
merge [169] [170]
cut [171] [88, 240]
color [171.3] [93, 85, 96, 255]
merge [171.1] [171.0]
merge [171.2] [171.3]
merge [172] [173]
cut [174] [91, 256]
color [174.3] [149, 117, 87, 255]
merge [174.1] [174.0]
merge [174.2] [174.3]
merge [175] [176]
cut [177] [65, 256]
color [177.3] [93, 85, 96, 255]
merge [177.1] [177.0]
merge [177.2] [177.3]
merge [178] [179]
cut [180] [66, 276]
color [180.3] [149, 117, 87, 255]
merge [180.1] [180.0]
merge [180.2] [180.3]
merge [181] [182]
cut [183] [46, 273]
color [183.3] [93, 85, 96, 255]
merge [183.1] [183.0]
merge [183.2] [183.3]
merge [184] [185]
cut [186] [90, 291]
color [186.3] [149, 117, 87, 255]
merge [186.1] [186.0]
merge [186.2] [186.3]
merge [187] [188]
cut [189] [101, 317]
color [189.3] [201, 188, 142, 255]
merge [189.1] [189.0]
merge [189.2] [189.3]
merge [190] [191]
cut [192] [114, 332]
color [192.3] [201, 188, 142, 255]
merge [192.1] [192.0]
merge [192.2] [192.3]
merge [193] [194]
cut [195] [131, 348]
color [195.3] [201, 188, 142, 255]
merge [195.1] [195.0]
merge [195.2] [195.3]
merge [196] [197]
cut [198] [y] [363]
color [198.1] [201, 188, 142, 255]
merge [198.0] [198.1]
cut [199] [256, 325]
color [199.2] [201, 188, 142, 255]
merge [199.0] [199.1]
merge [199.2] [199.3]
merge [200] [201]
cut [202] [245, 340]
color [202.2] [201, 188, 142, 255]
merge [202.0] [202.1]
merge [202.2] [202.3]
merge [203] [204]
cut [205] [231, 350]
color [205.2] [201, 188, 142, 255]
merge [205.0] [205.1]
merge [205.2] [205.3]
merge [207] [206]
cut [208] [141, 355]
color [208.3] [201, 188, 142, 255]
