
color [0] [242, 212, 119, 255]
cut [0] [x] [41]
color [0.1] [6, 0, 4, 255]
merge [0.0] [0.1]
cut [1] [x] [48]
color [1.1] [231, 230, 219, 255]
merge [1.0] [1.1]
cut [2] [x] [144]
color [2.1] [6, 0, 4, 255]
merge [2.0] [2.1]
cut [3] [x] [153]
color [3.1] [231, 230, 219, 255]
merge [3.0] [3.1]
cut [4] [x] [375]
color [4.1] [6, 0, 4, 255]
merge [4.0] [4.1]
cut [5] [x] [382]
color [5.1] [6, 0, 4, 255]
color [5.1] [213, 92, 65, 255]
merge [5.0] [5.1]
cut [6] [48, 47]
color [6.2] [6, 0, 4, 255]
merge [6.2] [6.1]
merge [6.0] [6.3]
merge [7] [8]
cut [9] [146, 18]
color [9.2] [6, 0, 4, 255]
merge [9.2] [9.1]
merge [9.0] [9.3]
merge [10] [11]
cut [12] [252, 25]
color [12.2] [45, 39, 156, 255]
merge [12.3] [12.0]
merge [12.1] [12.2]
merge [13] [14]
cut [15] [375, 26]
color [15.2] [6, 0, 4, 255]
merge [15.3] [15.0]
merge [15.1] [15.2]
merge [16] [17]
cut [18] [383, 17]
color [18.2] [213, 92, 65, 255]
merge [18.3] [18.0]
merge [18.1] [18.2]
merge [19] [20]
cut [21] [4, 96]
color [21.2] [6, 0, 4, 255]
merge [21.2] [21.1]
merge [21.0] [21.3]
merge [22] [23]
cut [24] [151, 53]
color [24.2] [199, 199, 200, 255]
merge [24.2] [24.1]
merge [24.0] [24.3]
merge [25] [26]
cut [27] [245, 53]
color [27.2] [6, 0, 4, 255]
merge [27.3] [27.0]
merge [27.1] [27.2]
merge [28] [29]
cut [30] [251, 27]
color [30.2] [45, 39, 156, 255]
merge [30.3] [30.0]
merge [30.1] [30.2]
merge [31] [32]
cut [33] [374, 24]
color [33.2] [6, 0, 4, 255]
merge [33.3] [33.0]
merge [33.1] [33.2]
merge [34] [35]
cut [36] [382, 16]
color [36.2] [209, 92, 61, 255]
merge [36.3] [36.0]
merge [36.1] [36.2]
merge [37] [38]
cut [39] [42, 95]
color [39.2] [6, 0, 4, 255]
merge [39.2] [39.1]
merge [39.0] [39.3]
merge [40] [41]
cut [42] [y] [102]
color [42.1] [6, 0, 4, 255]
color [42.1] [220, 225, 222, 255]
merge [42.0] [42.1]
cut [43] [41, 102]
color [43.2] [6, 0, 4, 255]
merge [43.2] [43.1]
merge [43.0] [43.3]
merge [44] [45]
cut [46] [150, 104]
color [46.2] [220, 225, 222, 255]
merge [46.2] [46.1]
merge [46.0] [46.3]
merge [47] [48]
cut [49] [246, 103]
color [49.2] [6, 0, 4, 255]
merge [49.3] [49.0]
merge [49.1] [49.2]
merge [50] [51]
cut [52] [253, 102]
color [52.2] [220, 225, 222, 255]
merge [52.3] [52.0]
merge [52.1] [52.2]
merge [53] [54]
cut [55] [375, 102]
color [55.2] [6, 0, 4, 255]
merge [55.3] [55.0]
merge [55.1] [55.2]
merge [56] [57]
cut [58] [150, 146]
color [58.2] [6, 0, 4, 255]
merge [58.2] [58.1]
merge [58.0] [58.3]
merge [59] [60]
cut [61] [9, 249]
color [61.2] [6, 0, 4, 255]
merge [61.1] [61.0]
merge [61.2] [61.3]
merge [62] [63]
cut [64] [9, 255]
color [64.2] [220, 225, 222, 255]
merge [64.1] [64.0]
merge [64.2] [64.3]
merge [65] [66]
cut [67] [8, 350]
color [67.2] [6, 0, 4, 255]
merge [67.1] [67.0]
merge [67.2] [67.3]
merge [68] [69]
cut [70] [5, 357]
color [70.2] [220, 225, 222, 255]
merge [70.1] [70.0]
merge [70.2] [70.3]
merge [71] [72]
cut [73] [41, 153]
color [73.2] [6, 0, 4, 255]
merge [73.2] [73.1]
merge [73.0] [73.3]
merge [74] [75]
cut [76] [47, 153]
color [76.2] [209, 92, 61, 255]
merge [76.2] [76.1]
merge [76.0] [76.3]
merge [77] [78]
cut [79] [246, 151]
color [79.2] [6, 0, 4, 255]
merge [79.3] [79.0]
merge [79.1] [79.2]
merge [80] [81]
cut [82] [41, 350]
color [82.2] [6, 0, 4, 255]
merge [82.1] [82.0]
merge [82.2] [82.3]
merge [83] [84]
cut [85] [38, 358]
color [85.2] [220, 225, 222, 255]
merge [85.1] [85.0]
merge [85.2] [85.3]
merge [86] [87]
cut [88] [93, 357]
color [88.2] [6, 0, 4, 255]
merge [88.1] [88.0]
merge [88.2] [88.3]
merge [89] [90]
cut [91] [100, 358]
color [91.2] [220, 225, 222, 255]
merge [91.1] [91.0]
merge [91.2] [91.3]
merge [92] [93]
cut [94] [247, 357]
color [94.2] [6, 0, 4, 255]
merge [94.0] [94.1]
merge [94.2] [94.3]
merge [95] [96]
cut [97] [254, 154]
color [97.2] [220, 225, 222, 255]
merge [97.3] [97.0]
merge [97.1] [97.2]
merge [98] [99]
cut [100] [311, 154]
color [100.2] [6, 0, 4, 255]
merge [100.3] [100.0]
merge [100.1] [100.2]
merge [101] [102]
cut [103] [318, 154]
color [103.2] [220, 225, 222, 255]
merge [103.3] [103.0]
merge [103.1] [103.2]
merge [104] [105]
cut [106] [254, 249]
color [106.2] [6, 0, 4, 255]
merge [106.0] [106.1]
merge [106.2] [106.3]
merge [107] [108]
cut [109] [255, 257]
color [109.2] [241, 217, 140, 255]
merge [109.0] [109.1]
merge [109.2] [109.3]
merge [110] [111]
cut [112] [255, 350]
color [112.2] [6, 0, 4, 255]
merge [112.0] [112.1]
merge [112.2] [112.3]
merge [113] [114]
cut [115] [256, 357]
color [115.2] [241, 217, 140, 255]
merge [115.0] [115.1]
merge [115.2] [115.3]
merge [116] [117]
cut [118] [376, 96]
color [118.2] [6, 0, 4, 255]
merge [118.3] [118.0]
merge [118.1] [118.2]
merge [119] [120]
cut [121] [382, 102]
color [121.2] [220, 225, 222, 255]
merge [121.3] [121.0]
merge [121.1] [121.2]
merge [122] [123]
