color [0] [69, 48, 33, 255]
cut [0] [x] [52]
color [0.1] [53, 39, 29, 255]
merge [0.0] [0.1]
cut [1] [x] [112]
color [1.1] [40, 31, 22, 255]
merge [1.0] [1.1]
cut [2] [x] [201]
color [2.1] [36, 25, 18, 255]
merge [2.0] [2.1]
cut [3] [y] [25]
color [3.1] [58, 43, 34, 255]
merge [3.0] [3.1]
cut [4] [23,25]
color [4.2] [122, 69, 39, 255]
merge [4.2] [4.1]
merge [4.3] [4.0]
merge [5] [6]
cut [7] [69,25]
color [7.2] [49, 38, 31, 255]
merge [7.2] [7.1]
merge [7.3] [7.0]
merge [8] [9]
cut [10] [166,25]
color [10.2] [54, 40, 25, 255]
merge [10.2] [10.1]
merge [10.3] [10.0]
merge [11] [12]
cut [13] [212,25]
color [13.2] [38, 30, 22, 255]
merge [13.2] [13.1]
merge [13.3] [13.0]
merge [14] [15]
cut [16] [269,25]
color [16.2] [58, 39, 23, 255]
merge [16.2] [16.1]
merge [16.3] [16.0]
merge [17] [18]
cut [19] [310,25]
color [19.2] [37, 25, 17, 255]
merge [19.2] [19.1]
merge [19.3] [19.0]
merge [20] [21]
cut [22] [363,25]
color [22.2] [65, 37, 22, 255]
merge [22.2] [22.1]
merge [22.3] [22.0]
merge [23] [24]
cut [25] [17,66]
color [25.2] [128, 69, 36, 255]
merge [25.2] [25.1]
merge [25.3] [25.0]
merge [26] [27]
cut [28] [76,66]
color [28.2] [50, 39, 32, 255]
merge [28.2] [28.1]
merge [28.3] [28.0]
merge [29] [30]
cut [31] [118,66]
color [31.2] [72, 52, 32, 255]
merge [31.2] [31.1]
merge [31.3] [31.0]
merge [32] [33]
cut [34] [149,66]
color [34.2] [90, 58, 34, 255]
merge [34.2] [34.1]
merge [34.3] [34.0]
merge [35] [36]
cut [37] [178,66]
color [37.2] [106, 70, 41, 255]
merge [37.2] [37.1]
merge [37.3] [37.0]
merge [38] [39]
cut [40] [222,66]
color [40.2] [73, 52, 31, 255]
merge [40.2] [40.1]
merge [40.3] [40.0]
merge [41] [42]
cut [43] [240,66]
color [43.2] [46, 36, 27, 255]
merge [43.2] [43.1]
merge [43.3] [43.0]
merge [44] [45]
cut [46] [292,66]
color [46.2] [34, 25, 19, 255]
merge [46.2] [46.1]
merge [46.3] [46.0]
merge [47] [48]
cut [49] [355,66]
color [49.2] [74, 38, 22, 255]
merge [49.2] [49.1]
merge [49.3] [49.0]
merge [50] [51]
cut [52] [y] [84]
color [52.1] [92, 57, 33, 255]
merge [52.0] [52.1]
cut [53] [45,84]
color [53.2] [114, 73, 36, 255]
merge [53.2] [53.1]
merge [53.3] [53.0]
merge [54] [55]
cut [56] [90,84]
color [56.2] [85, 58, 31, 255]
merge [56.2] [56.1]
merge [56.3] [56.0]
merge [57] [58]
cut [59] [98,84]
color [59.2] [54, 42, 34, 255]
merge [59.2] [59.1]
merge [59.3] [59.0]
merge [60] [61]
cut [62] [136,84]
color [62.2] [146, 95, 52, 255]
merge [62.2] [62.1]
merge [62.3] [62.0]
merge [63] [64]
cut [65] [147,84]
color [65.2] [216, 172, 106, 255]
merge [65.2] [65.1]
merge [65.3] [65.0]
merge [66] [67]
cut [68] [225,84]
color [68.2] [178, 127, 67, 255]
merge [68.2] [68.1]
merge [68.3] [68.0]
merge [69] [70]
cut [71] [239,84]
color [71.2] [86, 55, 32, 255]
merge [71.2] [71.1]
merge [71.3] [71.0]
merge [72] [73]
cut [74] [292,84]
color [74.2] [39, 27, 20, 255]
merge [74.2] [74.1]
merge [74.3] [74.0]
merge [75] [76]
cut [77] [347,84]
color [77.2] [86, 55, 29, 255]
merge [77.2] [77.1]
merge [77.3] [77.0]
merge [78] [79]
cut [80] [y] [119]
color [80.1] [83, 58, 37, 255]
merge [80.0] [80.1]
cut [81] [41,119]
color [81.2] [102, 72, 36, 255]
merge [81.2] [81.1]
merge [81.3] [81.0]
merge [82] [83]
cut [84] [79,119]
color [84.2] [74, 54, 28, 255]
merge [84.2] [84.1]
merge [84.3] [84.0]
merge [85] [86]
cut [87] [102,119]
color [87.2] [55, 43, 32, 255]
merge [87.2] [87.1]
merge [87.3] [87.0]
merge [88] [89]
cut [90] [156,119]
color [90.2] [167, 122, 68, 255]
merge [90.2] [90.1]
merge [90.3] [90.0]
merge [91] [92]
cut [93] [168,119]
color [93.2] [199, 151, 88, 255]
merge [93.2] [93.1]
merge [93.3] [93.0]
merge [94] [95]
cut [96] [231,119]
color [96.2] [167, 116, 63, 255]
merge [96.2] [96.1]
merge [96.3] [96.0]
merge [97] [98]
cut [99] [242,119]
color [99.2] [80, 50, 33, 255]
merge [99.2] [99.1]
merge [99.3] [99.0]
merge [100] [101]
cut [102] [265,119]
color [102.2] [51, 37, 25, 255]
merge [102.2] [102.1]
merge [102.3] [102.0]
merge [103] [104]
cut [105] [319,119]
color [105.2] [91, 69, 33, 255]
merge [105.2] [105.1]
merge [105.3] [105.0]
merge [106] [107]
cut [108] [y] [154]
color [108.1] [60, 53, 38, 255]
merge [108.0] [108.1]
cut [109] [42,154]
color [109.2] [79, 72, 54, 255]
merge [109.2] [109.1]
merge [109.3] [109.0]
merge [110] [111]
cut [112] [90,154]
color [112.2] [89, 85, 69, 255]
merge [112.2] [112.1]
merge [112.3] [112.0]
merge [113] [114]
cut [115] [129,154]
color [115.2] [49, 38, 31, 255]
merge [115.2] [115.1]
merge [115.3] [115.0]
merge [116] [117]
cut [118] [182,154]
color [118.2] [83, 58, 37, 255]
merge [118.2] [118.1]
merge [118.3] [118.0]
merge [119] [120]
cut [121] [240,154]
color [121.2] [46, 36, 29, 255]
merge [121.2] [121.1]
merge [121.3] [121.0]
merge [122] [123]
cut [124] [291,154]
color [124.2] [67, 60, 41, 255]
merge [124.2] [124.1]
merge [124.3] [124.0]
merge [125] [126]
cut [127] [28,192]
color [127.2] [80, 72, 51, 255]
merge [127.2] [127.1]
merge [127.3] [127.0]
merge [128] [129]
cut [130] [65,192]
color [130.2] [73, 67, 47, 255]
merge [130.2] [130.1]
merge [130.3] [130.0]
merge [131] [132]
cut [133] [124,192]
color [133.2] [58, 43, 33, 255]
merge [133.2] [133.1]
merge [133.3] [133.0]
merge [134] [135]
cut [136] [156,192]
color [136.2] [163, 110, 62, 255]
merge [136.2] [136.1]
merge [136.3] [136.0]
merge [137] [138]
cut [139] [180,192]
color [139.2] [135, 90, 52, 255]
merge [139.2] [139.1]
merge [139.3] [139.0]
merge [140] [141]
cut [142] [214,192]
color [142.2] [88, 60, 39, 255]
merge [142.2] [142.1]
merge [142.3] [142.0]
merge [143] [144]
cut [145] [227,192]
color [145.2] [49, 41, 35, 255]
merge [145.2] [145.1]
merge [145.3] [145.0]
merge [146] [147]
cut [148] [284,192]
color [148.2] [65, 62, 47, 255]
merge [148.2] [148.1]
merge [148.3] [148.0]
merge [149] [150]
cut [151] [y] [232]
color [151.1] [49, 41, 30, 255]
merge [151.0] [151.1]
cut [152] [7,232]
color [152.2] [91, 85, 62, 255]
merge [152.2] [152.1]
merge [152.3] [152.0]
merge [153] [154]
cut [155] [66,232]
color [155.2] [79, 73, 49, 255]
merge [155.2] [155.1]
merge [155.3] [155.0]
merge [156] [157]
cut [158] [131,232]
color [158.2] [64, 44, 33, 255]
merge [158.2] [158.1]
merge [158.3] [158.0]
merge [159] [160]
cut [161] [149,232]
color [161.2] [198, 145, 84, 255]
merge [161.2] [161.1]
merge [161.3] [161.0]
merge [162] [163]
cut [164] [218,232]
color [164.2] [129, 86, 48, 255]
merge [164.2] [164.1]
merge [164.3] [164.0]
merge [165] [166]
cut [167] [230,232]
color [167.2] [50, 42, 36, 255]
merge [167.2] [167.1]
merge [167.3] [167.0]
merge [168] [169]
cut [170] [277,232]
color [170.2] [74, 75, 58, 255]
merge [170.2] [170.1]
merge [170.3] [170.0]
merge [171] [172]
cut [173] [328,232]
color [173.2] [117, 112, 72, 255]
merge [173.2] [173.1]
merge [173.3] [173.0]
merge [174] [175]
cut [176] [y] [253]
color [176.1] [51, 44, 32, 255]
merge [176.0] [176.1]
cut [177] [9,253]
color [177.2] [94, 89, 66, 255]
merge [177.2] [177.1]
merge [177.3] [177.0]
merge [178] [179]
cut [180] [30,253]
color [180.2] [119, 109, 74, 255]
merge [180.2] [180.1]
merge [180.3] [180.0]
merge [181] [182]
cut [183] [98,253]
color [183.2] [175, 167, 119, 255]
merge [183.2] [183.1]
merge [183.3] [183.0]
merge [184] [185]
cut [186] [128,253]
color [186.2] [74, 55, 39, 255]
merge [186.2] [186.1]
merge [186.3] [186.0]
merge [187] [188]
cut [189] [148,253]
color [189.2] [144, 97, 54, 255]
merge [189.2] [189.1]
merge [189.3] [189.0]
merge [190] [191]
cut [192] [230,253]
color [192.2] [52, 43, 36, 255]
merge [192.2] [192.1]
merge [192.3] [192.0]
merge [193] [194]
cut [195] [274,253]
color [195.2] [83, 83, 63, 255]
merge [195.2] [195.1]
merge [195.3] [195.0]
merge [196] [197]
cut [198] [327,253]
color [198.2] [150, 141, 86, 255]
merge [198.2] [198.1]
merge [198.3] [198.0]
merge [199] [200]
cut [201] [y] [277]
color [201.1] [87, 80, 51, 255]
merge [201.0] [201.1]
cut [202] [6,277]
color [202.2] [154, 149, 109, 255]
merge [202.2] [202.1]
merge [202.3] [202.0]
merge [203] [204]
cut [205] [43,277]
color [205.2] [171, 162, 119, 255]
merge [205.2] [205.1]
merge [205.3] [205.0]
merge [206] [207]
cut [208] [138,277]
color [208.2] [104, 78, 51, 255]
merge [208.2] [208.1]
merge [208.3] [208.0]
merge [209] [210]
cut [211] [155,277]
color [211.2] [209, 161, 96, 255]
merge [211.2] [211.1]
merge [211.3] [211.0]
merge [212] [213]
cut [214] [212,277]
color [214.2] [61, 51, 40, 255]
merge [214.2] [214.1]
merge [214.3] [214.0]
merge [215] [216]
cut [217] [269,277]
color [217.2] [153, 148, 105, 255]
merge [217.2] [217.1]
merge [217.3] [217.0]
merge [218] [219]
cut [220] [y] [316]
color [220.1] [143, 140, 105, 255]
merge [220.0] [220.1]
cut [221] [247,316]
color [221.3] [68, 53, 38, 255]
merge [221.2] [221.1]
merge [221.3] [221.0]
merge [222] [223]
cut [224] [158,316]
color [224.3] [149, 144, 108, 255]
merge [224.2] [224.1]
merge [224.3] [224.0]
merge [225] [226]
cut [227] [y] [340]
color [227.1] [126, 122, 93, 255]
merge [227.0] [227.1]
cut [228] [221,340]
color [228.2] [131, 129, 104, 255]
merge [228.2] [228.1]
merge [228.3] [228.0]
merge [229] [230]
cut [231] [y] [380]
color [231.1] [91, 91, 69, 255]
merge [231.0] [231.1]