
cut [0] [139, 51]
color [0.2] [255, 222, 90, 255]
merge [0.2] [0.1]
merge [0.0] [0.3]
merge [1] [2]
cut [3] [179, 50]
color [3.2] [255, 255, 255, 255]
merge [3.2] [3.1]
merge [3.0] [3.3]
merge [4] [5]
cut [6] [228, 51]
color [6.2] [255, 222, 90, 255]
merge [6.3] [6.0]
merge [6.1] [6.2]
merge [7] [8]
cut [9] [269, 49]
color [9.2] [255, 255, 255, 255]
merge [9.3] [9.0]
merge [9.1] [9.2]
merge [10] [11]
cut [12] [103, 107]

color [12.2] [57, 183, 255, 255]
merge [12.2] [12.1]
merge [12.0] [12.3]
merge [13] [14]
cut [15] [249, 114]
color [15.2] [131, 73, 125, 255]
merge [15.3] [15.0]
merge [15.1] [15.2]
merge [16] [17]
cut [18] [278, 114]
color [18.2] [57, 183, 255, 255]
merge [18.3] [18.0]
merge [18.1] [18.2]
merge [19] [20]
cut [21] [103, 121]
color [21.2] [115, 94, 88, 255]
merge [21.2] [21.1]
merge [21.0] [21.3]
merge [22] [23]
cut [24] [249, 120]
color [24.2] [131, 73, 125, 255]
merge [24.3] [24.0]
merge [24.1] [24.2]
merge [25] [26]
cut [27] [279, 120]
color [27.2] [115, 94, 88, 255]
merge [27.3] [27.0]
merge [27.1] [27.2]
merge [28] [29]
cut [30] [103, 137]
color [30.2] [57, 183, 255, 255]
merge [30.2] [30.1]
merge [30.0] [30.3]
merge [31] [32]
cut [33] [249, 137]
color [33.2] [131, 73, 125, 255]
merge [33.3] [33.0]
merge [33.1] [33.2]
merge [34] [35]
cut [36] [279, 137]
color [36.2] [57, 183, 255, 255]
merge [36.3] [36.0]
merge [36.1] [36.2]
merge [37] [38]
cut [39] [77, 145]
color [39.2] [255, 22, 23, 255]
merge [39.2] [39.1]
merge [39.0] [39.3]
merge [40] [41]
cut [42] [117, 145]
color [42.2] [57, 183, 255, 255]
merge [42.2] [42.1]
merge [42.0] [42.3]
merge [43] [44]
cut [45] [74, 240]
color [45.2] [255, 255, 255, 255]
merge [45.1] [45.0]
merge [45.2] [45.3]
merge [46] [47]
cut [48] [303, 107]
color [48.2] [255, 255, 255, 255]
merge [48.3] [48.0]
merge [48.1] [48.2]
merge [49] [50]
cut [51] [103, 240]
color [51.2] [57, 183, 255, 255]
merge [51.1] [51.0]
merge [51.2] [51.3]
merge [52] [53]
cut [54] [284, 217]
color [54.2] [0, 128, 54, 255]
merge [54.0] [54.1]
merge [54.2] [54.3]
merge [55] [56]
cut [57] [x] [323]
color [57.1] [255, 255, 255, 255]
merge [57.1] [57.0]
cut [58] [139, 239]
color [58.2] [0, 74, 173, 255]
merge [58.1] [58.0]
merge [58.2] [58.3]
merge [59] [60]
cut [61] [259, 239]
color [61.2] [57, 183, 255, 255]
merge [61.0] [61.1]
merge [61.2] [61.3]
merge [62] [63]
cut [64] [284, 238]
color [64.2] [0, 128, 54, 255]
merge [64.0] [64.1]
merge [64.2] [64.3]
merge [65] [66]
cut [67] [138, 265]
color [67.3] [255, 255, 255, 255]
merge [67.1] [67.0]
merge [67.2] [67.3]
merge [68] [69]
cut [70] [156, 265]
color [70.2] [93, 225, 230, 255]
merge [70.1] [70.0]
merge [70.2] [70.3]
merge [71] [72]
cut [73] [242, 265]
color [73.2] [0, 74, 173, 255]
merge [73.0] [73.1]
merge [73.2] [73.3]
merge [74] [75]
cut [76] [258, 264]
color [76.2] [255, 255, 255, 255]
merge [76.0] [76.1]
merge [76.2] [76.3]
merge [77] [78]
cut [79] [283, 264]
color [79.2] [0, 128, 54, 255]
merge [79.0] [79.1]
merge [79.2] [79.3]
merge [80] [81]
cut [82] [175, 280]
color [82.2] [0, 74, 173, 255]
merge [82.1] [82.0]
merge [82.2] [82.3]
merge [83] [84]
cut [85] [222, 280]
color [85.2] [93, 225, 230, 255]
merge [85.0] [85.1]
merge [85.2] [85.3]
merge [86] [87]
cut [88] [242, 280]
color [88.2] [0, 74, 173, 255]
merge [88.0] [88.1]
merge [88.2] [88.3]
merge [89] [90]
cut [91] [259, 280]
color [91.2] [255, 255, 255, 255]
merge [91.0] [91.1]
merge [91.2] [91.3]
merge [92] [93]
cut [94] [156, 290]
color [94.2] [0, 74, 173, 255]
merge [94.1] [94.0]
merge [94.2] [94.3]
merge [95] [96]
cut [97] [158, 312]
color [97.2] [126, 217, 87, 255]
merge [97.1] [97.0]
merge [97.2] [97.3]
merge [98] [99]
cut [100] [179, 312]
color [100.2] [0, 74, 173, 255]
merge [100.1] [100.0]
merge [100.2] [100.3]
merge [101] [102]
cut [103] [218, 312]
color [103.2] [255, 255, 255, 255]
merge [103.0] [103.1]
merge [103.2] [103.3]
merge [104] [105]
cut [106] [260, 289]
color [106.2] [255, 255, 255, 255]
merge [106.0] [106.1]
merge [106.2] [106.3]
merge [107] [108]
cut [109] [283, 275]
color [109.2] [0, 128, 54, 255]
merge [109.0] [109.1]
merge [109.2] [109.3]
merge [111] [110]
cut [112] [238, 312]
color [112.2] [0, 74, 173, 255]
merge [112.0] [112.1]
merge [112.2] [112.3]
merge [113] [114]
cut [115] [140, 336]
color [115.2] [0, 74, 173, 255]
merge [115.1] [115.0]
merge [115.2] [115.3]
merge [116] [117]
cut [118] [258, 312]
color [118.2] [255, 255, 255, 255]
merge [118.0] [118.1]
merge [118.2] [118.3]
merge [119] [120]
cut [121] [x] [323]
color [121.1] [255, 255, 255, 255]
merge [121.0] [121.1]
cut [122] [y] [359]
color [122.1] [255, 255, 255, 255]
