
cut [0] [92, 57]

color [0.2] [15, 139, 228, 255]
merge [0.2] [0.1]
merge [0.0] [0.3]
merge [1] [2]
cut [3] [99, 57]

color [3.2] [255, 255, 255, 255]
merge [3.2] [3.1]
merge [3.0] [3.3]
merge [4] [5]
cut [6] [99, 68]
color [6.2] [15, 139, 229, 255]

color [6.2] [15, 139, 229, 255]
merge [6.2] [6.1]
merge [6.0] [6.3]
merge [7] [8]
cut [9] [99, 73]
color [9.2] [255, 255, 255, 255]
merge [9.2] [9.1]
merge [9.0] [9.3]
merge [10] [11]
cut [12] [110, 57]
color [12.2] [15, 139, 229, 255]
merge [12.2] [12.1]
merge [12.0] [12.3]
merge [13] [14]
cut [15] [118, 56]
color [15.2] [255, 255, 255, 255]
merge [15.2] [15.1]
merge [15.0] [15.3]
merge [16] [17]
cut [18] [121, 57]
color [18.2] [15, 139, 229, 255]
merge [18.2] [18.1]
merge [18.0] [18.3]
merge [19] [20]
cut [21] [121, 62]
color [21.2] [255, 255, 255, 255]
merge [21.2] [21.1]
merge [21.0] [21.3]
merge [22] [23]
cut [24] [124, 62]
color [24.2] [15, 139, 229, 255]
merge [24.2] [24.1]
merge [24.0] [24.3]
merge [25] [26]
cut [27] [130, 56]
color [27.2] [255, 255, 255, 255]
merge [27.2] [27.1]
merge [27.0] [27.3]
merge [28] [29]
cut [30] [127, 62]
color [30.2] [15, 139, 229, 255]
merge [30.2] [30.1]
merge [30.0] [30.3]
merge [31] [32]
cut [33] [123, 68]
color [33.2] [255, 255, 255, 255]
merge [33.2] [33.1]
merge [33.0] [33.3]
merge [34] [35]
cut [36] [128, 67]
color [36.2] [15, 139, 229, 255]
merge [36.2] [36.1]
merge [36.0] [36.3]
merge [37] [38]
cut [39] [133, 67]
color [39.2] [255, 255, 255, 255]
merge [39.2] [39.1]
merge [39.0] [39.3]
merge [40] [41]
cut [42] [128, 75]
color [42.2] [15, 139, 229, 255]
merge [42.2] [42.1]
merge [42.0] [42.3]
merge [43] [44]
cut [45] [139, 67]
color [45.2] [15, 139, 229, 255]
merge [45.2] [45.1]
merge [45.0] [45.3]
merge [46] [47]
cut [48] [142, 57]
color [48.2] [15, 139, 229, 255]
merge [48.2] [48.1]
merge [48.0] [48.3]
merge [49] [50]
cut [51] [140, 82]
color [51.2] [255, 255, 255, 255]
merge [51.2] [51.1]
merge [51.0] [51.3]
merge [52] [53]
cut [54] [144, 73]
color [54.2] [255, 255, 255, 255]
merge [54.2] [54.1]
merge [54.0] [54.3]
merge [55] [56]
cut [57] [147, 67]
color [57.2] [255, 255, 255, 255]
merge [57.2] [57.1]
merge [57.0] [57.3]
merge [58] [59]
cut [60] [149, 61]

color [60.2] [255, 255, 255, 255]
merge [60.2] [60.1]
merge [60.0] [60.3]
merge [61] [62]
cut [63] [x] [152]
color [63.1] [255, 255, 255, 255]
merge [63.0] [63.1]
cut [64] [152, 79]
color [64.2] [12, 138, 227, 255]
merge [64.2] [64.1]
merge [64.0] [64.3]
merge [65] [66]
cut [67] [156, 71]
color [67.2] [12, 138, 227, 255]
merge [67.2] [67.1]
merge [67.0] [67.3]
merge [68] [69]
cut [70] [159, 63]
color [70.2] [12, 138, 227, 255]
merge [70.2] [70.1]
merge [70.0] [70.3]
merge [71] [72]
cut [73] [160, 79]
color [73.2] [255, 255, 255, 255]
merge [73.2] [73.1]
merge [73.0] [73.3]
merge [74] [75]
cut [76] [162, 72]
color [76.2] [255, 255, 255, 255]
merge [76.2] [76.1]
merge [76.0] [76.3]
merge [77] [78]
cut [79] [162, 58]
color [79.2] [12, 138, 227, 255]
merge [79.2] [79.1]
merge [79.0] [79.3]
merge [80] [81]
cut [82] [162, 72]
color [82.2] [12, 138, 227, 255]
color [82.2] [255, 255, 255, 255]
merge [82.2] [82.1]
merge [82.0] [82.3]
merge [83] [84]
cut [85] [164, 66]
color [85.2] [255, 255, 255, 255]
merge [85.2] [85.1]
merge [85.0] [85.3]
merge [86] [87]
cut [88] [167, 66]

color [88.2] [12, 138, 227, 255]
merge [88.2] [88.1]
merge [88.0] [88.3]
merge [89] [90]
cut [91] [166, 74]
color [91.2] [255, 255, 255, 255]
merge [91.2] [91.1]
merge [91.0] [91.3]
merge [92] [93]
cut [94] [172, 57]
color [94.2] [255, 255, 255, 255]
merge [94.2] [94.1]
merge [94.0] [94.3]
merge [95] [96]
cut [97] [171, 72]
color [97.2] [12, 138, 227, 255]
merge [97.2] [97.1]
merge [97.0] [97.3]
merge [98] [99]
cut [100] [177, 56]
color [100.2] [255, 255, 255, 255]
merge [100.2] [100.1]
merge [100.0] [100.3]
merge [101] [102]
cut [103] [182, 57]
color [103.2] [12, 138, 227, 255]
merge [103.2] [103.1]
merge [103.0] [103.3]
merge [104] [105]
cut [106] [189, 62]
color [106.2] [255, 255, 255, 255]
merge [106.2] [106.1]
merge [106.0] [106.3]
merge [107] [108]
cut [109] [189, 68]
color [109.2] [12, 138, 227, 255]
merge [109.2] [109.1]
merge [109.0] [109.3]
merge [110] [111]
cut [112] [189, 73]
color [112.2] [255, 255, 255, 255]
merge [112.2] [112.1]
merge [112.0] [112.3]
merge [113] [114]
cut [115] [189, 79]
color [115.2] [12, 138, 227, 255]
merge [115.2] [115.1]
merge [115.0] [115.3]
merge [116] [117]
cut [118] [204, 55]
color [118.2] [255, 255, 255, 255]
merge [118.3] [118.0]
merge [118.1] [118.2]
merge [119] [120]
cut [121] [218, 57]
color [121.2] [140, 83, 255, 255]
merge [121.3] [121.0]
merge [121.1] [121.2]
merge [122] [123]
cut [124] [225, 56]
color [124.2] [255, 255, 255, 255]
merge [124.3] [124.0]
merge [124.1] [124.2]
merge [125] [126]
cut [127] [225, 67]
color [127.2] [140, 83, 255, 255]
merge [127.3] [127.0]
merge [127.1] [127.2]
merge [128] [129]
cut [130] [225, 72]
color [130.2] [255, 255, 255, 255]
merge [130.3] [130.0]
merge [130.1] [130.2]
merge [131] [132]
cut [133] [225, 79]
color [133.2] [140, 83, 255, 255]
merge [133.3] [133.0]
merge [133.1] [133.2]
merge [134] [135]
cut [136] [238, 55]
color [136.2] [255, 255, 255, 255]
merge [136.3] [136.0]
merge [136.1] [136.2]
merge [137] [138]
cut [139] [242, 65]
color [139.2] [140, 83, 255, 255]
merge [139.3] [139.0]
merge [139.1] [139.2]
merge [140] [141]
cut [142] [244, 59]
color [142.2] [140, 83, 255, 255]
merge [142.3] [142.0]
merge [142.1] [142.2]
merge [143] [144]
cut [145] [250, 64]
color [145.2] [255, 255, 255, 255]
merge [145.3] [145.0]
merge [145.1] [145.2]
merge [146] [147]
cut [148] [260, 63]
color [148.2] [140, 83, 255, 255]
merge [148.3] [148.0]
merge [148.1] [148.2]
merge [149] [150]
cut [151] [267, 55]
color [151.2] [255, 255, 255, 255]
merge [151.3] [151.0]
merge [151.1] [151.2]
merge [152] [153]
cut [154] [272, 57]
color [154.2] [140, 83, 255, 255]
merge [154.3] [154.0]
merge [154.1] [154.2]
merge [155] [156]
cut [157] [279, 56]
color [157.2] [255, 255, 255, 255]
merge [157.3] [157.0]
merge [157.1] [157.2]
merge [158] [159]
cut [160] [279, 71]
color [160.2] [140, 83, 255, 255]
merge [160.3] [160.0]
merge [160.1] [160.2]
merge [161] [162]
cut [163] [281, 78]
color [163.2] [255, 255, 255, 255]
merge [163.3] [163.0]
merge [163.1] [163.2]
merge [164] [165]
cut [166] [284, 66]
color [166.2] [140, 83, 255, 255]
merge [166.3] [166.0]
merge [166.1] [166.2]
merge [167] [168]
cut [169] [283, 75]
color [169.2] [255, 255, 255, 255]
merge [169.3] [169.0]
merge [169.1] [169.2]
merge [170] [171]
cut [172] [288, 60]
color [172.2] [140, 83, 255, 255]
merge [172.3] [172.0]
merge [172.1] [172.2]
merge [173] [174]
cut [175] [287, 71]
color [175.2] [255, 255, 255, 255]
merge [175.3] [175.0]
merge [175.1] [175.2]
merge [176] [177]
cut [178] [291, 57]
color [178.2] [140, 83, 255, 255]
merge [178.3] [178.0]
merge [178.1] [178.2]
merge [179] [180]
cut [181] [298, 53]
color [181.2] [255, 255, 255, 255]
merge [181.3] [181.0]
merge [181.1] [181.2]
merge [182] [183]

cut [184] [303, 56]
color [184.2] [3, 3, 3, 255]
merge [184.3] [184.0]
merge [184.1] [184.2]
merge [185] [186]
cut [187] [302, 63]
color [187.2] [255, 255, 255, 255]
merge [187.3] [187.0]
merge [187.1] [187.2]
merge [188] [189]
cut [190] [303, 67]
color [190.2] [3, 3, 3, 255]
merge [190.3] [190.0]
merge [190.1] [190.2]
merge [191] [192]
cut [193] [310, 55]
color [193.2] [255, 255, 255, 255]
merge [193.3] [193.0]
merge [193.1] [193.2]

merge [194] [195]
cut [196] [y] [85]
color [196.1] [255, 255, 255, 255]
merge [196.0] [196.1]
