color [0] [241, 178, 47, 255]
cut [0] [20,2]
merge [0.3] [0.2]
color [1] [241, 178, 47, 255]
cut [1] [20,36]
merge [1.3] [1.2]
color [2] [209, 70, 5, 255]
cut [2] [20,66]
merge [2.3] [2.2]
color [3] [209, 70, 5, 255]
cut [3] [20,86]
merge [3.3] [3.2]
color [4] [98, 46, 50, 255]
cut [4] [20,117]
merge [4.3] [4.2]
color [5] [98, 46, 50, 255]
cut [5] [20,150]
merge [5.3] [5.2]
color [6] [98, 46, 50, 255]
cut [6] [20,183]
merge [6.3] [6.2]
color [7] [82, 87, 93, 255]
cut [7] [20,222]
merge [7.3] [7.2]
color [8] [79, 79, 87, 255]
cut [8] [20,254]
merge [8.3] [8.2]
color [9] [200, 55, 6, 255]
cut [9] [20,284]
merge [9.3] [9.2]
color [10] [200, 54, 6, 255]
cut [10] [20,332]
merge [10.3] [10.2]
color [11] [124, 22, 23, 255]
cut [11] [20,342]
merge [11.3] [11.2]
color [12] [106, 41, 41, 255]
cut [12] [x] [20]
merge [0.1] [1.1]
merge [13] [2.1]
merge [14] [3.1]
merge [15] [4.1]
merge [16] [5.1]
merge [17] [6.1]
merge [18] [7.1]
merge [19] [8.1]
merge [20] [9.1]
merge [21] [10.1]
merge [22] [11.1]
merge [23] [12.1]
color [24] [219, 88, 6, 255]
cut [24] [42,32]
merge [24.3] [24.2]
color [25] [240, 179, 127, 255]
cut [25] [42,33]
merge [25.3] [25.2]
color [26] [245, 211, 113, 255]
cut [26] [42,70]
merge [26.3] [26.2]
color [27] [208, 70, 5, 255]
cut [27] [42,83]
merge [27.3] [27.2]
color [28] [98, 46, 50, 255]
cut [28] [42,117]
merge [28.3] [28.2]
color [29] [98, 46, 50, 255]
cut [29] [42,150]
merge [29.3] [29.2]
color [30] [98, 46, 50, 255]
cut [30] [42,168]
merge [30.3] [30.2]
color [31] [82, 87, 93, 255]
cut [31] [42,204]
merge [31.3] [31.2]
color [32] [79, 79, 87, 255]
cut [32] [42,251]
merge [32.3] [32.2]
color [33] [241, 205, 186, 255]
cut [33] [42,253]
merge [33.3] [33.2]
color [34] [201, 55, 6, 255]
cut [34] [42,333]
merge [34.3] [34.2]
color [35] [125, 21, 22, 255]
cut [35] [42,335]
merge [35.3] [35.2]
color [36] [125, 21, 22, 255]
cut [36] [x] [42]
merge [24.1] [25.1]
merge [37] [26.1]
merge [38] [27.1]
merge [39] [28.1]
merge [40] [29.1]
merge [41] [30.1]
merge [42] [31.1]
merge [43] [32.1]
merge [44] [33.1]
merge [45] [34.1]
merge [46] [35.1]
merge [47] [36.1]
color [48] [219, 88, 6, 255]
cut [48] [66,29]
merge [48.3] [48.2]
color [49] [233, 165, 99, 255]
cut [49] [66,30]
merge [49.3] [49.2]
color [50] [245, 211, 113, 255]
cut [50] [66,72]
merge [50.3] [50.2]
color [51] [202, 85, 22, 255]
cut [51] [66,82]
merge [51.3] [51.2]
color [52] [98, 46, 50, 255]
cut [52] [66,120]
merge [52.3] [52.2]
color [53] [98, 46, 50, 255]
cut [53] [66,158]
merge [53.3] [53.2]
color [54] [79, 79, 87, 255]
cut [54] [66,179]
merge [54.3] [54.2]
color [55] [79, 79, 87, 255]
cut [55] [66,216]
merge [55.3] [55.2]
color [56] [79, 79, 87, 255]
cut [56] [66,255]
merge [56.3] [56.2]
color [57] [63, 44, 48, 255]
cut [57] [66,257]
merge [57.3] [57.2]
color [58] [63, 44, 48, 255]
cut [58] [66,332]
merge [58.3] [58.2]
color [59] [202, 162, 120, 255]
cut [59] [66,334]
merge [59.3] [59.2]
color [60] [232, 132, 10, 255]
cut [60] [x] [66]
merge [48.1] [49.1]
merge [61] [50.1]
merge [62] [51.1]
merge [63] [52.1]
merge [64] [53.1]
merge [65] [54.1]
merge [66] [55.1]
merge [67] [56.1]
merge [68] [57.1]
merge [69] [58.1]
merge [70] [59.1]
merge [71] [60.1]
color [72] [219, 88, 6, 255]
cut [72] [92,27]
merge [72.3] [72.2]
color [73] [244, 210, 113, 255]
cut [73] [92,42]
merge [73.3] [73.2]
color [74] [245, 211, 113, 255]
cut [74] [92,78]
merge [74.3] [74.2]
color [75] [243, 207, 140, 255]
cut [75] [92,81]
merge [75.3] [75.2]
color [76] [219, 91, 6, 255]
cut [76] [92,117]
merge [76.3] [76.2]
color [77] [220, 92, 5, 255]
cut [77] [92,158]
merge [77.3] [77.2]
color [78] [83, 82, 89, 255]
cut [78] [92,177]
merge [78.3] [78.2]
color [79] [245, 221, 151, 255]
cut [79] [92,204]
merge [79.3] [79.2]
color [80] [246, 222, 152, 255]
cut [80] [92,260]
merge [80.3] [80.2]
color [81] [63, 44, 48, 255]
cut [81] [92,263]
merge [81.3] [81.2]
color [82] [63, 44, 48, 255]
cut [82] [92,336]
merge [82.3] [82.2]
color [83] [130, 125, 108, 255]
cut [83] [92,337]
merge [83.3] [83.2]
color [84] [230, 125, 8, 255]
cut [84] [x] [92]
merge [72.1] [73.1]
merge [85] [74.1]
merge [86] [75.1]
merge [87] [76.1]
merge [88] [77.1]
merge [89] [78.1]
merge [90] [79.1]
merge [91] [80.1]
merge [92] [81.1]
merge [93] [82.1]
merge [94] [83.1]
merge [95] [84.1]
color [96] [184, 28, 5, 255]
cut [96] [120,26]
merge [96.3] [96.2]
color [97] [230, 137, 11, 255]
cut [97] [120,40]
merge [97.3] [97.2]
color [98] [232, 139, 10, 255]
cut [98] [120,62]
merge [98.3] [98.2]
color [99] [242, 205, 108, 255]
cut [99] [120,82]
merge [99.3] [99.2]
color [100] [218, 90, 6, 255]
cut [100] [120,117]
merge [100.3] [100.2]
color [101] [159, 5, 3, 255]
cut [101] [120,157]
merge [101.3] [101.2]
color [102] [241, 208, 143, 255]
cut [102] [120,177]
merge [102.3] [102.2]
color [103] [196, 49, 5, 255]
cut [103] [120,247]
merge [103.3] [103.2]
color [104] [241, 205, 136, 255]
cut [104] [120,269]
merge [104.3] [104.2]
color [105] [165, 89, 54, 255]
cut [105] [120,273]
merge [105.3] [105.2]
color [106] [63, 44, 48, 255]
cut [106] [120,334]
merge [106.3] [106.2]
color [107] [180, 125, 88, 255]
cut [107] [120,337]
merge [107.3] [107.2]
color [108] [230, 125, 8, 255]
cut [108] [x] [120]
merge [96.1] [97.1]
merge [109] [98.1]
merge [110] [99.1]
merge [111] [100.1]
merge [112] [101.1]
merge [113] [102.1]
merge [114] [103.1]
merge [115] [104.1]
merge [116] [105.1]
merge [117] [106.1]
merge [118] [107.1]
merge [119] [108.1]
color [120] [151, 0, 1, 255]
cut [120] [150,28]
merge [120.3] [120.2]
color [121] [209, 167, 145, 255]
cut [121] [150,30]
merge [121.3] [121.2]
color [122] [79, 60, 71, 255]
cut [122] [150,72]
merge [122.3] [122.2]
color [123] [111, 70, 59, 255]
cut [123] [150,88]
merge [123.3] [123.2]
color [124] [72, 50, 59, 255]
cut [124] [150,120]
merge [124.3] [124.2]
color [125] [72, 51, 60, 255]
cut [125] [150,156]
merge [125.3] [125.2]
color [126] [196, 54, 11, 255]
cut [126] [150,176]
merge [126.3] [126.2]
color [127] [143, 3, 10, 255]
cut [127] [150,204]
merge [127.3] [127.2]
color [128] [196, 49, 5, 255]
cut [128] [150,243]
merge [128.3] [128.2]
color [129] [196, 49, 5, 255]
cut [129] [150,282]
merge [129.3] [129.2]
color [130] [64, 45, 49, 255]
cut [130] [150,331]
merge [130.3] [130.2]
color [131] [230, 205, 188, 255]
cut [131] [150,333]
merge [131.3] [131.2]
color [132] [230, 125, 8, 255]
cut [132] [x] [150]
merge [120.1] [121.1]
merge [133] [122.1]
merge [134] [123.1]
merge [135] [124.1]
merge [136] [125.1]
merge [137] [126.1]
merge [138] [127.1]
merge [139] [128.1]
merge [140] [129.1]
merge [141] [130.1]
merge [142] [131.1]
merge [143] [132.1]
color [144] [172, 16, 4, 255]
cut [144] [182,28]
merge [144.3] [144.2]
color [145] [225, 147, 126, 255]
cut [145] [182,29]
merge [145.3] [145.2]
color [146] [244, 211, 114, 255]
cut [146] [182,85]
merge [146.3] [146.2]
color [147] [237, 203, 148, 255]
cut [147] [182,88]
merge [147.3] [147.2]
color [148] [205, 62, 6, 255]
cut [148] [182,120]
merge [148.3] [148.2]
color [149] [205, 62, 6, 255]
cut [149] [182,144]
merge [149.3] [149.2]
color [150] [205, 62, 6, 255]
cut [150] [182,199]
merge [150.3] [150.2]
color [151] [145, 6, 11, 255]
cut [151] [182,201]
merge [151.3] [151.2]
color [152] [142, 2, 11, 255]
cut [152] [182,256]
merge [152.3] [152.2]
color [153] [189, 46, 7, 255]
cut [153] [182,287]
merge [153.3] [153.2]
color [154] [64, 45, 49, 255]
cut [154] [182,333]
merge [154.3] [154.2]
color [155] [230, 125, 8, 255]
cut [155] [182,357]
merge [155.3] [155.2]
color [156] [241, 181, 49, 255]
cut [156] [x] [182]
merge [144.1] [145.1]
merge [157] [146.1]
merge [158] [147.1]
merge [159] [148.1]
merge [160] [149.1]
merge [161] [150.1]
merge [162] [151.1]
merge [163] [152.1]
merge [164] [153.1]
merge [165] [154.1]
merge [166] [155.1]
merge [167] [156.1]
color [168] [154, 0, 2, 255]
cut [168] [216,28]
merge [168.3] [168.2]
color [169] [241, 198, 167, 255]
cut [169] [216,30]
merge [169.3] [169.2]
color [170] [184, 28, 5, 255]
cut [170] [216,78]
merge [170.3] [170.2]
color [171] [184, 28, 4, 255]
cut [171] [216,86]
merge [171.3] [171.2]
color [172] [236, 160, 15, 255]
cut [172] [216,120]
merge [172.3] [172.2]
color [173] [236, 160, 15, 255]
cut [173] [216,150]
merge [173.3] [173.2]
color [174] [236, 160, 15, 255]
cut [174] [216,173]
merge [174.3] [174.2]
color [175] [236, 160, 15, 255]
cut [175] [216,209]
merge [175.3] [175.2]
color [176] [142, 2, 11, 255]
cut [176] [216,249]
merge [176.3] [176.2]
color [177] [142, 2, 11, 255]
cut [177] [216,295]
merge [177.3] [177.2]
color [178] [179, 33, 6, 255]
cut [178] [216,296]
merge [178.3] [178.2]
color [179] [199, 53, 6, 255]
cut [179] [216,342]
merge [179.3] [179.2]
color [180] [241, 181, 49, 255]
cut [180] [x] [216]
merge [168.1] [169.1]
merge [181] [170.1]
merge [182] [171.1]
merge [183] [172.1]
merge [184] [173.1]
merge [185] [174.1]
merge [186] [175.1]
merge [187] [176.1]
merge [188] [177.1]
merge [189] [178.1]
merge [190] [179.1]
merge [191] [180.1]
color [192] [154, 0, 2, 255]
cut [192] [252,27]
merge [192.3] [192.2]
color [193] [184, 28, 5, 255]
cut [193] [252,45]
merge [193.3] [193.2]
color [194] [184, 28, 5, 255]
cut [194] [252,76]
merge [194.3] [194.2]
color [195] [184, 30, 5, 255]
cut [195] [252,87]
merge [195.3] [195.2]
color [196] [233, 155, 16, 255]
cut [196] [252,114]
merge [196.3] [196.2]
color [197] [236, 160, 15, 255]
cut [197] [252,147]
merge [197.3] [197.2]
color [198] [236, 160, 15, 255]
cut [198] [252,197]
merge [198.3] [198.2]
color [199] [229, 154, 20, 255]
cut [199] [252,201]
merge [199.3] [199.2]
color [200] [217, 86, 7, 254]
cut [200] [252,203]
merge [200.3] [200.2]
color [201] [218, 85, 6, 255]
cut [201] [252,265]
merge [201.3] [201.2]
color [202] [216, 81, 8, 255]
cut [202] [252,283]
merge [202.3] [202.2]
color [203] [182, 26, 4, 255]
cut [203] [252,349]
merge [203.3] [203.2]
color [204] [220, 166, 56, 255]
cut [204] [x] [252]
merge [192.1] [193.1]
merge [205] [194.1]
merge [206] [195.1]
merge [207] [196.1]
merge [208] [197.1]
merge [209] [198.1]
merge [210] [199.1]
merge [211] [200.1]
merge [212] [201.1]
merge [213] [202.1]
merge [214] [203.1]
merge [215] [204.1]
color [216] [148, 5, 8, 255]
cut [216] [290,27]
merge [216.3] [216.2]
color [217] [209, 93, 24, 255]
cut [217] [290,40]
merge [217.3] [217.2]
color [218] [231, 128, 9, 255]
cut [218] [290,66]
merge [218.3] [218.2]
color [219] [231, 128, 9, 255]
cut [219] [290,88]
merge [219.3] [219.2]
color [220] [161, 8, 3, 255]
cut [220] [290,117]
merge [220.3] [220.2]
color [221] [161, 8, 3, 255]
cut [221] [290,144]
merge [221.3] [221.2]
color [222] [161, 8, 3, 255]
cut [222] [290,176]
merge [222.3] [222.2]
color [223] [215, 118, 29, 255]
cut [223] [290,186]
merge [223.3] [223.2]
color [224] [179, 20, 3, 255]
cut [224] [290,228]
merge [224.3] [224.2]
color [225] [182, 32, 11, 255]
cut [225] [290,235]
merge [225.3] [225.2]
color [226] [162, 22, 11, 255]
cut [226] [290,239]
merge [226.3] [226.2]
color [227] [142, 2, 11, 255]
cut [227] [290,347]
merge [227.3] [227.2]
color [228] [102, 60, 59, 255]
cut [228] [x] [290]
merge [216.1] [217.1]
merge [229] [218.1]
merge [230] [219.1]
merge [231] [220.1]
merge [232] [221.1]
merge [233] [222.1]
merge [234] [223.1]
merge [235] [224.1]
merge [236] [225.1]
merge [237] [226.1]
merge [238] [227.1]
merge [239] [228.1]
color [240] [74, 69, 75, 255]
cut [240] [330,32]
merge [240.3] [240.2]
color [241] [155, 87, 48, 255]
cut [241] [330,33]
merge [241.3] [241.2]
color [242] [231, 128, 9, 255]
cut [242] [330,87]
merge [242.3] [242.2]
color [243] [231, 138, 12, 255]
cut [243] [330,95]
merge [243.3] [243.2]
color [244] [207, 66, 5, 255]
cut [244] [330,131]
merge [244.3] [244.2]
color [245] [179, 32, 6, 255]
cut [245] [330,141]
merge [245.3] [245.2]
color [246] [176, 23, 5, 255]
cut [246] [330,195]
merge [246.3] [246.2]
color [247] [237, 169, 37, 255]
cut [247] [330,230]
merge [247.3] [247.2]
color [248] [199, 110, 45, 245]
cut [248] [330,231]
merge [248.3] [248.2]
color [249] [209, 70, 5, 255]
cut [249] [330,232]
merge [249.3] [249.2]
color [250] [209, 70, 5, 255]
cut [250] [330,233]
merge [250.3] [250.2]
color [251] [209, 70, 5, 255]
cut [251] [330,349]
merge [251.3] [251.2]
color [252] [123, 25, 26, 255]
cut [252] [x] [330]
merge [240.1] [241.1]
merge [253] [242.1]
merge [254] [243.1]
merge [255] [244.1]
merge [256] [245.1]
merge [257] [246.1]
merge [258] [247.1]
merge [259] [248.1]
merge [260] [249.1]
merge [261] [250.1]
merge [262] [251.1]
merge [263] [252.1]
color [264] [238, 164, 17, 255]
cut [264] [354,29]
merge [264.3] [264.2]
color [265] [234, 158, 14, 255]
cut [265] [354,30]
merge [265.3] [265.2]
color [266] [238, 164, 17, 255]
cut [266] [372,65]
merge [266.3] [266.2]
color [267] [66, 55, 59, 255]
cut [267] [335,108]
merge [267.3] [267.2]
color [268] [170, 97, 75, 255]
cut [268] [351,111]
merge [268.3] [268.2]
color [269] [168, 18, 4, 255]
cut [269] [332,173]
merge [269.3] [269.2]
color [270] [204, 146, 87, 255]
cut [270] [342,176]
merge [270.3] [270.2]
color [271] [102, 59, 48, 250]
cut [271] [333,177]
merge [271.3] [271.2]
color [272] [87, 54, 58, 255]
cut [272] [331,178]
merge [272.3] [272.2]
color [273] [87, 54, 63, 255]
cut [273] [399,277]
merge [273.3] [273.2]
color [274] [146, 81, 45, 255]
cut [274] [331,288]
merge [274.3] [274.2]
color [275] [231, 136, 10, 255]
cut [275] [331,353]
merge [275.3] [275.2]
color [276] [88, 53, 60, 255]
cut [276] [x] [372]