color [0] [99, 79, 66, 255]
cut [0] [40,33]
merge [0.3] [0.2]
color [1] [149, 117, 87, 255]
cut [1] [40,65]
merge [1.3] [1.2]
color [2] [96, 69, 51, 255]
cut [2] [40,123]
merge [2.3] [2.2]
color [3] [96, 69, 51, 255]
cut [3] [40,186]
merge [3.3] [3.2]
color [4] [84, 57, 39, 255]
cut [4] [40,224]
merge [4.3] [4.2]
color [5] [93, 85, 96, 255]
cut [5] [40,292]
merge [5.3] [5.2]
color [6] [149, 117, 87, 255]
cut [6] [40,315]
merge [6.3] [6.2]
color [7] [200, 186, 141, 255]
cut [7] [40,318]
merge [7.3] [7.2]
color [8] [201, 187, 142, 255]
cut [8] [x] [40]
merge [0.1] [1.1]
merge [9] [2.1]
merge [10] [3.1]
merge [11] [4.1]
merge [12] [5.1]
merge [13] [6.1]
merge [14] [7.1]
merge [15] [8.1]
color [16] [125, 92, 70, 255]
cut [16] [82,33]
merge [16.3] [16.2]
color [17] [147, 114, 83, 255]
cut [17] [82,88]
merge [17.3] [17.2]
color [18] [173, 106, 106, 255]
cut [18] [82,105]
merge [18.3] [18.2]
color [19] [96, 69, 51, 255]
cut [19] [82,172]
merge [19.3] [19.2]
color [20] [95, 68, 50, 255]
cut [20] [82,239]
merge [20.3] [20.2]
color [21] [93, 85, 96, 255]
cut [21] [82,273]
merge [21.3] [21.2]
color [22] [149, 117, 87, 255]
cut [22] [82,321]
merge [22.3] [22.2]
color [23] [181, 167, 122, 255]
cut [23] [82,322]
merge [23.3] [23.2]
color [24] [201, 187, 142, 255]
cut [24] [x] [82]
merge [16.1] [17.1]
merge [25] [18.1]
merge [26] [19.1]
merge [27] [20.1]
merge [28] [21.1]
merge [29] [22.1]
merge [30] [23.1]
merge [31] [24.1]
color [32] [93, 85, 96, 255]
cut [32] [126,34]
merge [32.3] [32.2]
color [33] [93, 85, 96, 255]
cut [33] [126,85]
merge [33.3] [33.2]
color [34] [93, 85, 96, 255]
cut [34] [126,126]
merge [34.3] [34.2]
color [35] [101, 95, 104, 255]
cut [35] [126,160]
merge [35.3] [35.2]
color [36] [93, 85, 96, 255]
cut [36] [126,202]
merge [36.3] [36.2]
color [37] [100, 94, 103, 255]
cut [37] [126,245]
merge [37.3] [37.2]
color [38] [101, 95, 104, 255]
cut [38] [126,316]
merge [38.3] [38.2]
color [39] [181, 167, 132, 255]
cut [39] [126,319]
merge [39.3] [39.2]
color [40] [201, 187, 142, 255]
cut [40] [x] [126]
merge [32.1] [33.1]
merge [41] [34.1]
merge [42] [35.1]
merge [43] [36.1]
merge [44] [37.1]
merge [45] [38.1]
merge [46] [39.1]
merge [47] [40.1]
color [48] [82, 73, 86, 255]
cut [48] [172,19]
merge [48.3] [48.2]
color [49] [82, 73, 86, 255]
cut [49] [172,82]
merge [49.3] [49.2]
color [50] [255, 219, 172, 255]
cut [50] [172,135]
merge [50.3] [50.2]
color [51] [93, 85, 96, 255]
cut [51] [172,177]
merge [51.3] [51.2]
color [52] [255, 219, 172, 255]
cut [52] [172,220]
merge [52.3] [52.2]
color [53] [255, 219, 172, 255]
cut [53] [172,240]
merge [53.3] [53.2]
color [54] [255, 219, 172, 255]
cut [54] [172,324]
merge [54.3] [54.2]
color [55] [101, 95, 104, 255]
cut [55] [172,357]
merge [55.3] [55.2]
color [56] [201, 187, 142, 255]
cut [56] [x] [172]
merge [48.1] [49.1]
merge [57] [50.1]
merge [58] [51.1]
merge [59] [52.1]
merge [60] [53.1]
merge [61] [54.1]
merge [62] [55.1]
merge [63] [56.1]
color [64] [92, 84, 95, 255]
cut [64] [220,37]
merge [64.3] [64.2]
color [65] [82, 73, 86, 255]
cut [65] [220,79]
merge [65.3] [65.2]
color [66] [255, 219, 172, 255]
cut [66] [220,123]
merge [66.3] [66.2]
color [67] [255, 219, 172, 255]
cut [67] [220,169]
merge [67.3] [67.2]
color [68] [255, 219, 172, 255]
cut [68] [220,217]
merge [68.3] [68.2]
color [69] [255, 219, 172, 255]
cut [69] [220,255]
merge [69.3] [69.2]
color [70] [255, 219, 172, 255]
cut [70] [220,324]
merge [70.3] [70.2]
color [71] [101, 95, 104, 255]
cut [71] [220,362]
merge [71.3] [71.2]
color [72] [201, 187, 142, 255]
cut [72] [x] [220]
merge [64.1] [65.1]
merge [73] [66.1]
merge [74] [67.1]
merge [75] [68.1]
merge [76] [69.1]
merge [77] [70.1]
merge [78] [71.1]
merge [79] [72.1]
color [80] [82, 73, 86, 255]
cut [80] [270,34]
merge [80.3] [80.2]
color [81] [101, 95, 104, 255]
cut [81] [270,76]
merge [81.3] [81.2]
color [82] [94, 86, 97, 255]
cut [82] [270,126]
merge [82.3] [82.2]
color [83] [93, 85, 96, 255]
cut [83] [270,179]
merge [83.3] [83.2]
color [84] [101, 95, 104, 255]
cut [84] [270,208]
merge [84.3] [84.2]
color [85] [101, 95, 104, 255]
cut [85] [270,225]
merge [85.3] [85.2]
color [86] [101, 95, 104, 255]
cut [86] [270,227]
merge [86.3] [86.2]
color [87] [101, 95, 104, 255]
cut [87] [270,336]
merge [87.3] [87.2]
color [88] [201, 187, 142, 255]
cut [88] [x] [270]
merge [80.1] [81.1]
merge [89] [82.1]
merge [90] [83.1]
merge [91] [84.1]
merge [92] [85.1]
merge [93] [86.1]
merge [94] [87.1]
merge [95] [88.1]
color [96] [91, 81, 88, 255]
cut [96] [322,51]
merge [96.3] [96.2]
color [97] [149, 117, 87, 255]
cut [97] [322,88]
merge [97.3] [97.2]
color [98] [173, 106, 106, 255]
cut [98] [322,126]
merge [98.3] [98.2]
color [99] [173, 106, 106, 255]
cut [99] [322,175]
merge [99.3] [99.2]
color [100] [178, 132, 83, 255]
cut [100] [322,226]
merge [100.3] [100.2]
color [101] [93, 85, 96, 255]
cut [101] [322,256]
merge [101.3] [101.2]
color [102] [149, 117, 87, 255]
cut [102] [322,257]
merge [102.3] [102.2]
color [103] [149, 117, 87, 255]
cut [103] [322,315]
merge [103.3] [103.2]
color [104] [201, 187, 142, 255]
cut [104] [x] [322]
merge [96.1] [97.1]
merge [105] [98.1]
merge [106] [99.1]
merge [107] [100.1]
merge [108] [101.1]
merge [109] [102.1]
merge [110] [103.1]
merge [111] [104.1]
color [112] [89, 74, 60, 255]
cut [112] [370,48]
merge [112.3] [112.2]
color [113] [177, 131, 83, 255]
cut [113] [376,82]
merge [113.3] [113.2]
color [114] [173, 106, 106, 255]
cut [114] [352,105]
merge [114.3] [114.2]
color [115] [178, 132, 83, 255]
cut [115] [376,180]
merge [115.3] [115.2]
color [116] [93, 85, 96, 255]
cut [116] [334,181]
merge [116.3] [116.2]
color [117] [93, 85, 96, 255]
cut [117] [391,257]
merge [117.3] [117.2]
color [118] [168, 122, 83, 255]
cut [118] [324,258]
merge [118.3] [118.2]
color [119] [178, 132, 83, 255]
cut [119] [323,271]
merge [119.3] [119.2]
color [120] [201, 187, 142, 255]
cut [120] [x] [376]