color [0] [7, 13, 22, 255]
cut [0] [40,28]
merge [0.3] [0.2]
color [1] [6, 13, 22, 255]
cut [1] [40,92]
merge [1.3] [1.2]
color [2] [10, 20, 32, 255]
cut [2] [40,103]
merge [2.3] [2.2]
color [3] [14, 24, 37, 255]
cut [3] [40,157]
merge [3.3] [3.2]
color [4] [11, 20, 28, 255]
cut [4] [40,199]
merge [4.3] [4.2]
color [5] [14, 25, 39, 255]
cut [5] [40,240]
merge [5.3] [5.2]
color [6] [12, 23, 37, 255]
cut [6] [40,268]
merge [6.3] [6.2]
color [7] [17, 30, 48, 255]
cut [7] [40,284]
merge [7.3] [7.2]
color [8] [16, 30, 49, 255]
cut [8] [40,318]
merge [8.3] [8.2]
color [9] [14, 27, 47, 255]
cut [9] [x] [40]
merge [0.1] [1.1]
merge [10] [2.1]
merge [11] [3.1]
merge [12] [4.1]
merge [13] [5.1]
merge [14] [6.1]
merge [15] [7.1]
merge [16] [8.1]
merge [17] [9.1]
color [18] [9, 14, 21, 255]
cut [18] [80,37]
merge [18.3] [18.2]
color [19] [10, 19, 30, 255]
cut [19] [80,92]
merge [19.3] [19.2]
color [20] [14, 24, 37, 255]
cut [20] [80,120]
merge [20.3] [20.2]
color [21] [14, 24, 34, 255]
cut [21] [80,157]
merge [21.3] [21.2]
color [22] [15, 26, 37, 255]
cut [22] [80,200]
merge [22.3] [22.2]
color [23] [14, 24, 35, 255]
cut [23] [80,231]
merge [23.3] [23.2]
color [24] [15, 26, 40, 255]
cut [24] [80,271]
merge [24.3] [24.2]
color [25] [17, 30, 47, 255]
cut [25] [80,286]
merge [25.3] [25.2]
color [26] [17, 31, 51, 255]
cut [26] [80,339]
merge [26.3] [26.2]
color [27] [12, 24, 44, 255]
cut [27] [x] [80]
merge [18.1] [19.1]
merge [28] [20.1]
merge [29] [21.1]
merge [30] [22.1]
merge [31] [23.1]
merge [32] [24.1]
merge [33] [25.1]
merge [34] [26.1]
merge [35] [27.1]
color [36] [9, 14, 19, 255]
cut [36] [120,37]
merge [36.3] [36.2]
color [37] [9, 17, 24, 255]
cut [37] [120,83]
merge [37.3] [37.2]
color [38] [12, 21, 31, 255]
cut [38] [120,123]
merge [38.3] [38.2]
color [39] [15, 25, 38, 255]
cut [39] [120,154]
merge [39.3] [39.2]
color [40] [16, 26, 38, 255]
cut [40] [120,200]
merge [40.3] [40.2]
color [41] [21, 32, 46, 255]
cut [41] [120,234]
merge [41.3] [41.2]
color [42] [21, 32, 47, 255]
cut [42] [120,235]
merge [42.3] [42.2]
color [43] [21, 32, 47, 255]
cut [43] [120,269]
merge [43.3] [43.2]
color [44] [14, 26, 45, 255]
cut [44] [120,351]
merge [44.3] [44.2]
color [45] [8, 18, 33, 255]
cut [45] [x] [120]
merge [36.1] [37.1]
merge [46] [38.1]
merge [47] [39.1]
merge [48] [40.1]
merge [49] [41.1]
merge [50] [42.1]
merge [51] [43.1]
merge [52] [44.1]
merge [53] [45.1]
color [54] [12, 17, 24, 255]
cut [54] [160,31]
merge [54.3] [54.2]
color [55] [9, 15, 21, 255]
cut [55] [160,90]
merge [55.3] [55.2]
color [56] [16, 26, 39, 255]
cut [56] [160,125]
merge [56.3] [56.2]
color [57] [23, 32, 50, 255]
cut [57] [160,135]
merge [57.3] [57.2]
color [58] [155, 132, 140, 255]
cut [58] [160,206]
merge [58.3] [58.2]
color [59] [190, 173, 179, 255]
cut [59] [160,258]
merge [59.3] [59.2]
color [60] [228, 213, 217, 255]
cut [60] [160,290]
merge [60.3] [60.2]
color [61] [152, 180, 213, 255]
cut [61] [160,321]
merge [61.3] [61.2]
color [62] [13, 24, 44, 255]
cut [62] [160,354]
merge [62.3] [62.2]
color [63] [6, 12, 20, 255]
cut [63] [x] [160]
merge [54.1] [55.1]
merge [64] [56.1]
merge [65] [57.1]
merge [66] [58.1]
merge [67] [59.1]
merge [68] [60.1]
merge [69] [61.1]
merge [70] [62.1]
merge [71] [63.1]
color [72] [178, 159, 136, 255]
cut [72] [200,24]
merge [72.3] [72.2]
color [73] [145, 140, 129, 255]
cut [73] [200,92]
merge [73.3] [73.2]
color [74] [19, 28, 42, 255]
cut [74] [200,127]
merge [74.3] [74.2]
color [75] [137, 128, 132, 255]
cut [75] [200,169]
merge [75.3] [75.2]
color [76] [172, 158, 160, 255]
cut [76] [200,188]
merge [76.3] [76.2]
color [77] [201, 181, 181, 255]
cut [77] [200,219]
merge [77.3] [77.2]
color [78] [185, 169, 171, 255]
cut [78] [200,277]
merge [78.3] [78.2]
color [79] [129, 164, 201, 255]
cut [79] [200,293]
merge [79.3] [79.2]
color [80] [155, 186, 220, 255]
cut [80] [200,349]
merge [80.3] [80.2]
color [81] [8, 17, 29, 255]
cut [81] [x] [200]
merge [72.1] [73.1]
merge [82] [74.1]
merge [83] [75.1]
merge [84] [76.1]
merge [85] [77.1]
merge [86] [78.1]
merge [87] [79.1]
merge [88] [80.1]
merge [89] [81.1]
color [90] [143, 141, 131, 255]
cut [90] [240,22]
merge [90.3] [90.2]
color [91] [172, 155, 129, 255]
cut [91] [240,106]
merge [91.3] [91.2]
color [92] [231, 241, 240, 255]
cut [92] [240,126]
merge [92.3] [92.2]
color [93] [115, 108, 113, 255]
cut [93] [240,166]
merge [93.3] [93.2]
color [94] [105, 98, 108, 255]
cut [94] [240,176]
merge [94.3] [94.2]
color [95] [90, 82, 91, 255]
cut [95] [240,246]
merge [95.3] [95.2]
color [96] [37, 74, 123, 255]
cut [96] [240,283]
merge [96.3] [96.2]
color [97] [61, 118, 176, 255]
cut [97] [240,293]
merge [97.3] [97.2]
color [98] [123, 166, 210, 255]
cut [98] [240,363]
merge [98.3] [98.2]
color [99] [12, 19, 32, 255]
cut [99] [x] [240]
merge [90.1] [91.1]
merge [100] [92.1]
merge [101] [93.1]
merge [102] [94.1]
merge [103] [95.1]
merge [104] [96.1]
merge [105] [97.1]
merge [106] [98.1]
merge [107] [99.1]
color [108] [85, 90, 88, 255]
cut [108] [280,49]
merge [108.3] [108.2]
color [109] [49, 64, 77, 255]
cut [109] [280,92]
merge [109.3] [109.2]
color [110] [59, 75, 85, 255]
cut [110] [280,122]
merge [110.3] [110.2]
color [111] [211, 220, 229, 255]
cut [111] [280,136]
merge [111.3] [111.2]
color [112] [67, 64, 76, 255]
cut [112] [280,209]
merge [112.3] [112.2]
color [113] [36, 65, 109, 255]
cut [113] [280,222]
merge [113.3] [113.2]
color [114] [22, 65, 118, 255]
cut [114] [280,293]
merge [114.3] [114.2]
color [115] [71, 111, 162, 255]
cut [115] [280,331]
merge [115.3] [115.2]
color [116] [178, 175, 166, 255]
cut [116] [280,378]
merge [116.3] [116.2]
color [117] [11, 21, 37, 255]
cut [117] [x] [280]
merge [108.1] [109.1]
merge [118] [110.1]
merge [119] [111.1]
merge [120] [112.1]
merge [121] [113.1]
merge [122] [114.1]
merge [123] [115.1]
merge [124] [116.1]
merge [125] [117.1]
color [126] [62, 70, 77, 255]
cut [126] [320,34]
merge [126.3] [126.2]
color [127] [42, 57, 70, 255]
cut [127] [320,92]
merge [127.3] [127.2]
color [128] [47, 64, 74, 255]
cut [128] [320,131]
merge [128.3] [128.2]
color [129] [112, 124, 137, 255]
cut [129] [320,146]
merge [129.3] [129.2]
color [130] [20, 27, 42, 255]
cut [130] [320,203]
merge [130.3] [130.2]
color [131] [17, 50, 94, 255]
cut [131] [320,234]
merge [131.3] [131.2]
color [132] [29, 68, 114, 255]
cut [132] [320,247]
merge [132.3] [132.2]
color [133] [44, 75, 121, 255]
cut [133] [320,296]
merge [133.3] [133.2]
color [134] [101, 101, 101, 254]
cut [134] [320,360]
merge [134.3] [134.2]
color [135] [14, 23, 39, 255]
cut [135] [x] [320]
merge [126.1] [127.1]
merge [136] [128.1]
merge [137] [129.1]
merge [138] [130.1]
merge [139] [131.1]
merge [140] [132.1]
merge [141] [133.1]
merge [142] [134.1]
merge [143] [135.1]
color [144] [52, 66, 89, 255]
cut [144] [335,41]
merge [144.3] [144.2]
color [145] [23, 32, 61, 255]
cut [145] [325,80]
merge [145.3] [145.2]
color [146] [175, 165, 153, 255]
cut [146] [361,126]
merge [146.3] [146.2]
color [147] [197, 184, 169, 255]
cut [147] [355,169]
merge [147.3] [147.2]
color [148] [160, 152, 143, 255]
cut [148] [349,204]
merge [148.3] [148.2]
color [149] [110, 109, 100, 255]
cut [149] [346,242]
merge [149.3] [149.2]
color [150] [82, 80, 73, 255]
cut [150] [341,277]
merge [150.3] [150.2]
color [151] [74, 71, 69, 255]
cut [151] [335,308]
merge [151.3] [151.2]
color [152] [48, 56, 61, 255]
cut [152] [328,342]
merge [152.3] [152.2]
color [153] [10, 17, 30, 255]
cut [153] [x] [321]
color [144.1] [11, 24, 52, 255]
color [145.1] [146, 169, 184, 255]
color [146.1] [60, 82, 113, 255]
color [147.1] [31, 47, 74, 255]
color [148.1] [17, 24, 39, 255]
color [149.1] [11, 15, 24, 255]
color [150.1] [10, 14, 23, 255]
color [151.1] [9, 13, 22, 255]
color [152.1] [11, 18, 32, 255]
color [153.1] [10, 18, 33, 255]