color [0] [40, 53, 147, 255]
cut [0] [40,28]
merge [0.3] [0.2]
color [1] [26, 35, 126, 255]
cut [1] [40,88]
merge [1.3] [1.2]
color [2] [40, 53, 147, 255]
cut [2] [40,117]
merge [2.3] [2.2]
color [3] [255, 236, 179, 255]
cut [3] [40,155]
merge [3.3] [3.2]
color [4] [57, 73, 171, 255]
cut [4] [40,203]
merge [4.3] [4.2]
color [5] [92, 107, 192, 255]
cut [5] [40,240]
merge [5.3] [5.2]
color [6] [92, 107, 192, 255]
cut [6] [40,268]
merge [6.3] [6.2]
color [7] [92, 107, 192, 255]
cut [7] [40,305]
merge [7.3] [7.2]
color [8] [89, 105, 190, 255]
cut [8] [40,315]
merge [8.3] [8.2]
color [9] [57, 73, 171, 255]
cut [9] [x] [40]
merge [0.1] [1.1]
merge [10] [2.1]
merge [11] [3.1]
merge [12] [4.1]
merge [13] [5.1]
merge [14] [6.1]
merge [15] [7.1]
merge [16] [8.1]
merge [17] [9.1]
color [18] [40, 53, 147, 255]
cut [18] [80,38]
merge [18.3] [18.2]
color [19] [33, 33, 33, 255]
cut [19] [80,80]
merge [19.3] [19.2]
color [20] [39, 52, 145, 255]
cut [20] [80,108]
merge [20.3] [20.2]
color [21] [255, 236, 179, 255]
cut [21] [80,148]
merge [21.3] [21.2]
color [22] [57, 73, 171, 255]
cut [22] [80,181]
merge [22.3] [22.2]
color [23] [255, 213, 79, 255]
cut [23] [80,220]
merge [23.3] [23.2]
color [24] [92, 107, 192, 255]
cut [24] [80,283]
merge [24.3] [24.2]
color [25] [57, 73, 171, 255]
cut [25] [80,284]
merge [25.3] [25.2]
color [26] [57, 73, 171, 255]
cut [26] [80,285]
merge [26.3] [26.2]
color [27] [57, 73, 171, 255]
cut [27] [x] [80]
merge [18.1] [19.1]
merge [28] [20.1]
merge [29] [21.1]
merge [30] [22.1]
merge [31] [23.1]
merge [32] [24.1]
merge [33] [25.1]
merge [34] [26.1]
merge [35] [27.1]
color [36] [33, 33, 33, 255]
cut [36] [120,37]
merge [36.3] [36.2]
color [37] [33, 33, 33, 255]
cut [37] [120,83]
merge [37.3] [37.2]
color [38] [33, 33, 33, 255]
cut [38] [120,120]
merge [38.3] [38.2]
color [39] [33, 33, 33, 255]
cut [39] [120,160]
merge [39.3] [39.2]
color [40] [33, 33, 33, 255]
cut [40] [120,200]
merge [40.3] [40.2]
color [41] [33, 33, 33, 255]
cut [41] [120,234]
merge [41.3] [41.2]
color [42] [33, 33, 33, 255]
cut [42] [120,300]
merge [42.3] [42.2]
color [43] [74, 74, 69, 255]
cut [43] [120,302]
merge [43.3] [43.2]
color [44] [254, 212, 79, 255]
cut [44] [120,342]
merge [44.3] [44.2]
color [45] [57, 73, 171, 255]
cut [45] [x] [120]
merge [36.1] [37.1]
merge [46] [38.1]
merge [47] [39.1]
merge [48] [40.1]
merge [49] [41.1]
merge [50] [42.1]
merge [51] [43.1]
merge [52] [44.1]
merge [53] [45.1]
color [54] [33, 33, 33, 255]
cut [54] [160,37]
merge [54.3] [54.2]
color [55] [33, 33, 33, 255]
cut [55] [160,83]
merge [55.3] [55.2]
color [56] [33, 33, 33, 255]
cut [56] [160,120]
merge [56.3] [56.2]
color [57] [33, 33, 33, 255]
cut [57] [160,151]
merge [57.3] [57.2]
color [58] [57, 73, 171, 255]
cut [58] [160,197]
merge [58.3] [58.2]
color [59] [57, 73, 171, 255]
cut [59] [160,239]
merge [59.3] [59.2]
color [60] [92, 107, 192, 255]
cut [60] [160,241]
merge [60.3] [60.2]
color [61] [92, 107, 192, 255]
cut [61] [160,243]
merge [61.3] [61.2]
color [62] [92, 107, 192, 255]
cut [62] [160,317]
merge [62.3] [62.2]
color [63] [57, 73, 171, 255]
cut [63] [x] [160]
merge [54.1] [55.1]
merge [64] [56.1]
merge [65] [57.1]
merge [66] [58.1]
merge [67] [59.1]
merge [68] [60.1]
merge [69] [61.1]
merge [70] [62.1]
merge [71] [63.1]
color [72] [33, 33, 33, 255]
cut [72] [200,25]
merge [72.3] [72.2]
color [73] [33, 33, 33, 255]
cut [73] [200,89]
merge [73.3] [73.2]
color [74] [26, 35, 126, 255]
cut [74] [200,108]
merge [74.3] [74.2]
color [75] [255, 236, 179, 255]
cut [75] [200,157]
merge [75.3] [75.2]
color [76] [255, 236, 179, 255]
cut [76] [200,198]
merge [76.3] [76.2]
color [77] [121, 134, 203, 255]
cut [77] [200,231]
merge [77.3] [77.2]
color [78] [121, 134, 203, 255]
cut [78] [200,274]
merge [78.3] [78.2]
color [79] [112, 127, 192, 255]
cut [79] [200,275]
merge [79.3] [79.2]
color [80] [92, 107, 192, 255]
cut [80] [200,336]
merge [80.3] [80.2]
color [81] [57, 73, 171, 255]
cut [81] [x] [200]
merge [72.1] [73.1]
merge [82] [74.1]
merge [83] [75.1]
merge [84] [76.1]
merge [85] [77.1]
merge [86] [78.1]
merge [87] [79.1]
merge [88] [80.1]
merge [89] [81.1]
color [90] [26, 35, 125, 255]
cut [90] [240,40]
merge [90.3] [90.2]
color [91] [40, 53, 147, 255]
cut [91] [240,71]
merge [91.3] [91.2]
color [92] [26, 35, 126, 255]
cut [92] [240,115]
merge [92.3] [92.2]
color [93] [255, 236, 179, 255]
cut [93] [240,155]
merge [93.3] [93.2]
color [94] [57, 73, 171, 255]
cut [94] [240,178]
merge [94.3] [94.2]
color [95] [121, 134, 203, 255]
cut [95] [240,201]
merge [95.3] [95.2]
color [96] [121, 134, 203, 255]
cut [96] [240,272]
merge [96.3] [96.2]
color [97] [103, 117, 193, 255]
cut [97] [240,273]
merge [97.3] [97.2]
color [98] [92, 107, 192, 255]
cut [98] [240,343]
merge [98.3] [98.2]
color [99] [57, 73, 171, 255]
cut [99] [x] [240]
merge [90.1] [91.1]
merge [100] [92.1]
merge [101] [93.1]
merge [102] [94.1]
merge [103] [95.1]
merge [104] [96.1]
merge [105] [97.1]
merge [106] [98.1]
merge [107] [99.1]
color [108] [26, 35, 126, 255]
cut [108] [280,52]
merge [108.3] [108.2]
color [109] [40, 53, 147, 255]
cut [109] [280,77]
merge [109.3] [109.2]
color [110] [26, 35, 126, 255]
cut [110] [280,113]
merge [110.3] [110.2]
color [111] [255, 236, 179, 255]
cut [111] [280,157]
merge [111.3] [111.2]
color [112] [57, 73, 171, 255]
cut [112] [280,184]
merge [112.3] [112.2]
color [113] [121, 134, 203, 255]
cut [113] [280,237]
merge [113.3] [113.2]
color [114] [92, 107, 192, 255]
cut [114] [280,238]
merge [114.3] [114.2]
color [115] [92, 107, 192, 255]
cut [115] [280,240]
merge [115.3] [115.2]
color [116] [92, 107, 192, 255]
cut [116] [280,324]
merge [116.3] [116.2]
color [117] [57, 73, 171, 255]
cut [117] [x] [280]
merge [108.1] [109.1]
merge [118] [110.1]
merge [119] [111.1]
merge [120] [112.1]
merge [121] [113.1]
merge [122] [114.1]
merge [123] [115.1]
merge [124] [116.1]
merge [125] [117.1]
color [126] [26, 35, 126, 255]
cut [126] [320,1]
merge [126.3] [126.2]
color [127] [26, 35, 126, 255]
cut [127] [320,65]
merge [127.3] [127.2]
color [128] [27, 36, 127, 255]
cut [128] [320,138]
merge [128.3] [128.2]
color [129] [255, 236, 179, 255]
cut [129] [320,169]
merge [129.3] [129.2]
color [130] [60, 75, 172, 254]
cut [130] [320,179]
merge [130.3] [130.2]
color [131] [121, 134, 203, 255]
cut [131] [320,257]
merge [131.3] [131.2]
color [132] [57, 73, 171, 255]
cut [132] [320,267]
merge [132.3] [132.2]
color [133] [87, 98, 176, 255]
cut [133] [320,268]
merge [133.3] [133.2]
color [134] [102, 108, 176, 255]
cut [134] [320,291]
merge [134.3] [134.2]
color [135] [57, 73, 171, 255]
cut [135] [x] [320]
merge [126.1] [127.1]
merge [136] [128.1]
merge [137] [129.1]
merge [138] [130.1]
merge [139] [131.1]
merge [140] [132.1]
merge [141] [133.1]
merge [142] [134.1]
merge [143] [135.1]
color [144] [26, 35, 126, 255]
cut [144] [339,19]
merge [144.3] [144.2]
color [145] [26, 35, 126, 255]
cut [145] [345,86]
merge [145.3] [145.2]
color [146] [40, 53, 147, 255]
cut [146] [329,118]
merge [146.3] [146.2]
color [147] [27, 36, 126, 255]
cut [147] [321,147]
merge [147.3] [147.2]
color [148] [121, 134, 203, 255]
cut [148] [332,191]
merge [148.3] [148.2]
color [149] [121, 134, 203, 255]
cut [149] [363,252]
merge [149.3] [149.2]
color [150] [57, 73, 171, 255]
cut [150] [333,253]
merge [150.3] [150.2]
color [151] [57, 73, 171, 255]
cut [151] [323,313]
merge [151.3] [151.2]
color [152] [254, 235, 178, 255]
cut [152] [372,372]
merge [152.3] [152.2]
color [153] [57, 73, 171, 255]
cut [153] [x] [360]
color [147.1] [26, 35, 126, 255]
color [148.1] [255, 236, 179, 255]
color [149.1] [57, 73, 171, 255]
color [152.1] [57, 73, 171, 255]