color [0] [255, 255, 255, 255]
cut [0] [40,34]
merge [0.3] [0.2]
color [1] [255, 255, 255, 255]
cut [1] [40,83]
merge [1.3] [1.2]
color [2] [255, 255, 255, 255]
cut [2] [40,120]
merge [2.3] [2.2]
color [3] [255, 255, 255, 255]
cut [3] [40,157]
merge [3.3] [3.2]
color [4] [255, 255, 255, 255]
cut [4] [40,200]
merge [4.3] [4.2]
color [5] [255, 255, 255, 255]
cut [5] [40,240]
merge [5.3] [5.2]
color [6] [255, 255, 255, 255]
cut [6] [40,268]
merge [6.3] [6.2]
color [7] [255, 255, 255, 255]
cut [7] [40,284]
merge [7.3] [7.2]
color [8] [255, 255, 255, 255]
cut [8] [40,297]
merge [8.3] [8.2]
color [9] [255, 255, 255, 255]
cut [9] [x] [40]
merge [0.1] [1.1]
merge [10] [2.1]
merge [11] [3.1]
merge [12] [4.1]
merge [13] [5.1]
merge [14] [6.1]
merge [15] [7.1]
merge [16] [8.1]
merge [17] [9.1]
color [18] [255, 255, 255, 255]
cut [18] [80,40]
merge [18.3] [18.2]
color [19] [255, 255, 255, 255]
cut [19] [80,80]
merge [19.3] [19.2]
color [20] [255, 255, 255, 255]
cut [20] [80,115]
merge [20.3] [20.2]
color [21] [189, 167, 204, 255]
cut [21] [80,159]
merge [21.3] [21.2]
color [22] [255, 255, 255, 255]
cut [22] [80,200]
merge [22.3] [22.2]
color [23] [255, 255, 255, 255]
cut [23] [80,231]
merge [23.3] [23.2]
color [24] [255, 255, 255, 255]
cut [24] [80,271]
merge [24.3] [24.2]
color [25] [254, 254, 254, 255]
cut [25] [80,278]
merge [25.3] [25.2]
color [26] [255, 255, 255, 255]
cut [26] [80,279]
merge [26.3] [26.2]
color [27] [255, 255, 255, 255]
cut [27] [x] [80]
merge [18.1] [19.1]
merge [28] [20.1]
merge [29] [21.1]
merge [30] [22.1]
merge [31] [23.1]
merge [32] [24.1]
merge [33] [25.1]
merge [34] [26.1]
merge [35] [27.1]
color [36] [255, 255, 255, 255]
cut [36] [120,37]
merge [36.3] [36.2]
color [37] [255, 255, 255, 255]
cut [37] [120,83]
merge [37.3] [37.2]
color [38] [255, 255, 255, 255]
cut [38] [120,129]
merge [38.3] [38.2]
color [39] [251, 251, 252, 255]
cut [39] [120,142]
merge [39.3] [39.2]
color [40] [189, 167, 204, 255]
cut [40] [120,197]
merge [40.3] [40.2]
color [41] [254, 254, 254, 255]
cut [41] [120,234]
merge [41.3] [41.2]
color [42] [255, 255, 255, 255]
cut [42] [120,280]
merge [42.3] [42.2]
color [43] [188, 167, 204, 255]
cut [43] [120,319]
merge [43.3] [43.2]
color [44] [220, 205, 220, 255]
cut [44] [120,320]
merge [44.3] [44.2]
color [45] [255, 255, 255, 255]
cut [45] [x] [120]
merge [36.1] [37.1]
merge [46] [38.1]
merge [47] [39.1]
merge [48] [40.1]
merge [49] [41.1]
merge [50] [42.1]
merge [51] [43.1]
merge [52] [44.1]
merge [53] [45.1]
color [54] [255, 255, 255, 255]
cut [54] [160,37]
merge [54.3] [54.2]
color [55] [255, 255, 255, 255]
cut [55] [160,83]
merge [55.3] [55.2]
color [56] [255, 255, 255, 255]
cut [56] [160,120]
merge [56.3] [56.2]
color [57] [255, 255, 255, 255]
cut [57] [160,163]
merge [57.3] [57.2]
color [58] [254, 253, 253, 255]
cut [58] [160,200]
merge [58.3] [58.2]
color [59] [188, 166, 204, 255]
cut [59] [160,234]
merge [59.3] [59.2]
color [60] [188, 166, 204, 255]
cut [60] [160,292]
merge [60.3] [60.2]
color [61] [243, 243, 243, 255]
cut [61] [160,293]
merge [61.3] [61.2]
color [62] [255, 255, 255, 255]
cut [62] [160,294]
merge [62.3] [62.2]
color [63] [255, 255, 255, 255]
cut [63] [x] [160]
merge [54.1] [55.1]
merge [64] [56.1]
merge [65] [57.1]
merge [66] [58.1]
merge [67] [59.1]
merge [68] [60.1]
merge [69] [61.1]
merge [70] [62.1]
merge [71] [63.1]
color [72] [255, 255, 255, 255]
cut [72] [200,28]
merge [72.3] [72.2]
color [73] [255, 255, 255, 255]
cut [73] [200,80]
merge [73.3] [73.2]
color [74] [255, 255, 255, 255]
cut [74] [200,119]
merge [74.3] [74.2]
color [75] [119, 63, 148, 255]
cut [75] [200,150]
merge [75.3] [75.2]
color [76] [189, 167, 204, 255]
cut [76] [200,184]
merge [76.3] [76.2]
color [77] [254, 254, 254, 255]
cut [77] [200,231]
merge [77.3] [77.2]
color [78] [255, 255, 255, 255]
cut [78] [200,250]
merge [78.3] [78.2]
color [79] [255, 255, 255, 255]
cut [79] [200,251]
merge [79.3] [79.2]
color [80] [255, 255, 255, 255]
cut [80] [200,252]
merge [80.3] [80.2]
color [81] [255, 255, 255, 255]
cut [81] [x] [200]
merge [72.1] [73.1]
merge [82] [74.1]
merge [83] [75.1]
merge [84] [76.1]
merge [85] [77.1]
merge [86] [78.1]
merge [87] [79.1]
merge [88] [80.1]
merge [89] [81.1]
color [90] [255, 255, 255, 255]
cut [90] [240,16]
merge [90.3] [90.2]
color [91] [255, 255, 255, 255]
cut [91] [240,98]
merge [91.3] [91.2]
color [92] [254, 254, 254, 255]
cut [92] [240,126]
merge [92.3] [92.2]
color [93] [114, 58, 145, 255]
cut [93] [240,157]
merge [93.3] [93.2]
color [94] [114, 58, 144, 255]
cut [94] [240,184]
merge [94.3] [94.2]
color [95] [252, 252, 252, 255]
cut [95] [240,201]
merge [95.3] [95.2]
color [96] [255, 255, 255, 255]
cut [96] [240,280]
merge [96.3] [96.2]
color [97] [114, 58, 145, 255]
cut [97] [240,319]
merge [97.3] [97.2]
color [98] [185, 155, 185, 255]
cut [98] [240,320]
merge [98.3] [98.2]
color [99] [255, 255, 255, 255]
cut [99] [x] [240]
merge [90.1] [91.1]
merge [100] [92.1]
merge [101] [93.1]
merge [102] [94.1]
merge [103] [95.1]
merge [104] [96.1]
merge [105] [97.1]
merge [106] [98.1]
merge [107] [99.1]
color [108] [255, 255, 255, 255]
cut [108] [280,19]
merge [108.3] [108.2]
color [109] [255, 255, 255, 255]
cut [109] [280,92]
merge [109.3] [109.2]
color [110] [255, 255, 255, 255]
cut [110] [280,117]
merge [110.3] [110.2]
color [111] [255, 255, 255, 255]
cut [111] [280,157]
merge [111.3] [111.2]
color [112] [253, 253, 253, 255]
cut [112] [280,194]
merge [112.3] [112.2]
color [113] [119, 63, 145, 255]
cut [113] [280,207]
merge [113.3] [113.2]
color [114] [114, 58, 145, 255]
cut [114] [280,209]
merge [114.3] [114.2]
color [115] [114, 58, 145, 255]
cut [115] [280,304]
merge [115.3] [115.2]
color [116] [205, 195, 215, 255]
cut [116] [280,306]
merge [116.3] [116.2]
color [117] [255, 255, 255, 255]
cut [117] [x] [280]
merge [108.1] [109.1]
merge [118] [110.1]
merge [119] [111.1]
merge [120] [112.1]
merge [121] [113.1]
merge [122] [114.1]
merge [123] [115.1]
merge [124] [116.1]
merge [125] [117.1]
color [126] [255, 255, 255, 255]
cut [126] [320,1]
merge [126.3] [126.2]
color [127] [255, 255, 255, 255]
cut [127] [320,100]
merge [127.3] [127.2]
color [128] [254, 254, 254, 255]
cut [128] [320,129]
merge [128.3] [128.2]
color [129] [114, 58, 145, 255]
cut [129] [320,154]
merge [129.3] [129.2]
color [130] [114, 59, 144, 255]
cut [130] [320,179]
merge [130.3] [130.2]
color [131] [115, 60, 145, 255]
cut [131] [320,226]
merge [131.3] [131.2]
color [132] [249, 249, 249, 255]
cut [132] [320,238]
merge [132.3] [132.2]
color [133] [255, 255, 255, 255]
cut [133] [320,239]
merge [133.3] [133.2]
color [134] [255, 255, 255, 255]
cut [134] [320,240]
merge [134.3] [134.2]
color [135] [255, 255, 255, 255]
cut [135] [x] [320]
merge [126.1] [127.1]
merge [136] [128.1]
merge [137] [129.1]
merge [138] [130.1]
merge [139] [131.1]
merge [140] [132.1]
merge [141] [133.1]
merge [142] [134.1]
merge [143] [135.1]
color [144] [255, 255, 255, 255]
cut [144] [339,19]
merge [144.3] [144.2]
color [145] [255, 255, 255, 255]
cut [145] [360,80]
merge [145.3] [145.2]
color [146] [255, 255, 255, 255]
cut [146] [350,113]
merge [146.3] [146.2]
color [147] [114, 58, 144, 255]
cut [147] [344,154]
merge [147.3] [147.2]
color [148] [255, 255, 255, 255]
cut [148] [321,155]
merge [148.3] [148.2]
color [149] [255, 255, 255, 255]
cut [149] [321,156]
merge [149.3] [149.2]
color [150] [255, 255, 255, 255]
cut [150] [321,157]
merge [150.3] [150.2]
color [151] [255, 255, 255, 255]
cut [151] [321,158]
merge [151.3] [151.2]
color [152] [255, 255, 255, 255]
cut [152] [321,168]
merge [152.3] [152.2]
color [153] [255, 255, 255, 255]
cut [153] [x] [360]
color [147.1] [255, 255, 255, 255]