color [0] [113, 38, 21, 255]
cut [0] [40,66]
merge [0.3] [0.2]
color [1] [17, 46, 17, 255]
cut [1] [40,85]
merge [1.3] [1.2]
color [2] [113, 23, 9, 255]
cut [2] [40,117]
merge [2.3] [2.2]
color [3] [122, 33, 16, 255]
cut [3] [40,159]
merge [3.3] [3.2]
color [4] [10, 1, 1, 255]
cut [4] [40,221]
merge [4.3] [4.2]
color [5] [22, 5, 3, 255]
cut [5] [40,270]
merge [5.3] [5.2]
color [6] [16, 60, 34, 255]
cut [6] [40,319]
merge [6.3] [6.2]
color [7] [21, 72, 40, 255]
cut [7] [40,367]
merge [7.3] [7.2]
color [8] [10, 32, 20, 255]
cut [8] [x] [40]
merge [0.1] [1.1]
merge [9] [2.1]
merge [10] [3.1]
merge [11] [4.1]
merge [12] [5.1]
merge [13] [6.1]
merge [14] [7.1]
merge [15] [8.1]
color [16] [89, 10, 6, 255]
cut [16] [82,31]
merge [16.3] [16.2]
color [17] [41, 13, 6, 255]
cut [17] [82,77]
merge [17.3] [17.2]
color [18] [122, 32, 21, 255]
cut [18] [82,147]
merge [18.3] [18.2]
color [19] [76, 7, 4, 255]
cut [19] [82,150]
merge [19.3] [19.2]
color [20] [2, 0, 0, 255]
cut [20] [82,202]
merge [20.3] [20.2]
color [21] [18, 4, 3, 255]
cut [21] [82,261]
merge [21.3] [21.2]
color [22] [6, 1, 1, 255]
cut [22] [82,316]
merge [22.3] [22.2]
color [23] [84, 8, 5, 255]
cut [23] [82,352]
merge [23.3] [23.2]
color [24] [12, 36, 24, 255]
cut [24] [x] [82]
merge [16.1] [17.1]
merge [25] [18.1]
merge [26] [19.1]
merge [27] [20.1]
merge [28] [21.1]
merge [29] [22.1]
merge [30] [23.1]
merge [31] [24.1]
color [32] [86, 6, 3, 255]
cut [32] [126,52]
merge [32.3] [32.2]
color [33] [66, 4, 3, 255]
cut [33] [126,78]
merge [33.3] [33.2]
color [34] [105, 20, 14, 255]
cut [34] [126,114]
merge [34.3] [34.2]
color [35] [115, 57, 36, 255]
cut [35] [126,163]
merge [35.3] [35.2]
color [36] [153, 98, 74, 255]
cut [36] [126,220]
merge [36.3] [36.2]
color [37] [89, 40, 22, 255]
cut [37] [126,274]
merge [37.3] [37.2]
color [38] [6, 2, 1, 255]
cut [38] [126,342]
merge [38.3] [38.2]
color [39] [94, 7, 2, 255]
cut [39] [126,373]
merge [39.3] [39.2]
color [40] [10, 22, 11, 255]
cut [40] [x] [126]
merge [32.1] [33.1]
merge [41] [34.1]
merge [42] [35.1]
merge [43] [36.1]
merge [44] [37.1]
merge [45] [38.1]
merge [46] [39.1]
merge [47] [40.1]
color [48] [95, 9, 5, 255]
cut [48] [172,55]
merge [48.3] [48.2]
color [49] [106, 19, 12, 255]
cut [49] [172,104]
merge [49.3] [49.2]
color [50] [106, 54, 41, 255]
cut [50] [172,108]
merge [50.3] [50.2]
color [51] [168, 116, 94, 254]
cut [51] [172,160]
merge [51.3] [51.2]
color [52] [164, 110, 84, 255]
cut [52] [172,208]
merge [52.3] [52.2]
color [53] [159, 110, 86, 255]
cut [53] [172,281]
merge [53.3] [53.2]
color [54] [24, 9, 7, 255]
cut [54] [172,347]
merge [54.3] [54.2]
color [55] [125, 40, 8, 255]
cut [55] [172,377]
merge [55.3] [55.2]
color [56] [14, 30, 19, 255]
cut [56] [x] [172]
merge [48.1] [49.1]
merge [57] [50.1]
merge [58] [51.1]
merge [59] [52.1]
merge [60] [53.1]
merge [61] [54.1]
merge [62] [55.1]
merge [63] [56.1]
color [64] [111, 26, 18, 255]
cut [64] [220,38]
merge [64.3] [64.2]
color [65] [95, 2, 1, 255]
cut [65] [220,67]
merge [65.3] [65.2]
color [66] [73, 2, 1, 255]
cut [66] [220,140]
merge [66.3] [66.2]
color [67] [83, 21, 18, 255]
cut [67] [220,152]
merge [67.3] [67.2]
color [68] [203, 145, 117, 255]
cut [68] [220,202]
merge [68.3] [68.2]
color [69] [153, 110, 89, 255]
cut [69] [220,264]
merge [69.3] [69.2]
color [70] [19, 9, 7, 255]
cut [70] [220,321]
merge [70.3] [70.2]
color [71] [148, 74, 37, 255]
cut [71] [220,358]
merge [71.3] [71.2]
color [72] [35, 69, 45, 255]
cut [72] [x] [220]
merge [64.1] [65.1]
merge [73] [66.1]
merge [74] [67.1]
merge [75] [68.1]
merge [76] [69.1]
merge [77] [70.1]
merge [78] [71.1]
merge [79] [72.1]
color [80] [54, 120, 72, 255]
cut [80] [270,58]
merge [80.3] [80.2]
color [81] [43, 82, 47, 255]
cut [81] [270,76]
merge [81.3] [81.2]
color [82] [40, 54, 31, 255]
cut [82] [270,104]
merge [82.3] [82.2]
color [83] [88, 19, 11, 255]
cut [83] [270,180]
merge [83.3] [83.2]
color [84] [45, 26, 17, 255]
cut [84] [270,223]
merge [84.3] [84.2]
color [85] [26, 42, 27, 255]
cut [85] [270,248]
merge [85.3] [85.2]
color [86] [29, 49, 35, 255]
cut [86] [270,262]
merge [86.3] [86.2]
color [87] [49, 64, 40, 255]
cut [87] [270,278]
merge [87.3] [87.2]
color [88] [40, 82, 55, 255]
cut [88] [x] [270]
merge [80.1] [81.1]
merge [89] [82.1]
merge [90] [83.1]
merge [91] [84.1]
merge [92] [85.1]
merge [93] [86.1]
merge [94] [87.1]
merge [95] [88.1]
color [96] [55, 113, 69, 255]
cut [96] [322,60]
merge [96.3] [96.2]
color [97] [29, 80, 47, 255]
cut [97] [322,78]
merge [97.3] [97.2]
color [98] [17, 41, 26, 255]
cut [98] [322,134]
merge [98.3] [98.2]
color [99] [24, 54, 34, 255]
cut [99] [322,184]
merge [99.3] [99.2]
color [100] [20, 45, 27, 255]
cut [100] [322,199]
merge [100.3] [100.2]
color [101] [17, 37, 23, 255]
cut [101] [322,230]
merge [101.3] [101.2]
color [102] [18, 40, 28, 255]
cut [102] [322,231]
merge [102.3] [102.2]
color [103] [18, 38, 26, 255]
cut [103] [322,255]
merge [103.3] [103.2]
color [104] [25, 49, 35, 255]
cut [104] [x] [322]
merge [96.1] [97.1]
merge [105] [98.1]
merge [106] [99.1]
merge [107] [100.1]
merge [108] [101.1]
merge [109] [102.1]
merge [110] [103.1]
merge [111] [104.1]
color [112] [37, 82, 49, 255]
cut [112] [376,36]
merge [112.3] [112.2]
color [113] [28, 77, 43, 255]
cut [113] [370,70]
merge [113.3] [113.2]
color [114] [19, 40, 27, 255]
cut [114] [379,123]
merge [114.3] [114.2]
color [115] [28, 50, 39, 255]
cut [115] [337,151]
merge [115.3] [115.2]
color [116] [24, 49, 35, 255]
cut [116] [385,211]
merge [116.3] [116.2]
color [117] [20, 45, 28, 255]
cut [117] [388,260]
merge [117.3] [117.2]
color [118] [33, 80, 49, 255]
cut [118] [323,281]
merge [118.3] [118.2]
color [119] [51, 121, 77, 255]
cut [119] [325,322]
merge [119.3] [119.2]
color [120] [46, 94, 67, 255]
cut [120] [x] [376]