color [0] [60, 69, 55, 255]
cut [0] [40,34]
merge [0.3] [0.2]
color [1] [45, 58, 76, 255]
cut [1] [40,90]
merge [1.3] [1.2]
color [2] [71, 102, 157, 255]
cut [2] [40,115]
merge [2.3] [2.2]
color [3] [129, 158, 167, 255]
cut [3] [40,157]
merge [3.3] [3.2]
color [4] [84, 121, 164, 255]
cut [4] [40,231]
merge [4.3] [4.2]
color [5] [128, 159, 186, 255]
cut [5] [40,262]
merge [5.3] [5.2]
color [6] [116, 141, 168, 255]
cut [6] [40,302]
merge [6.3] [6.2]
color [7] [61, 85, 159, 255]
cut [7] [40,367]
merge [7.3] [7.2]
color [8] [124, 148, 150, 255]
cut [8] [x] [40]
merge [0.1] [1.1]
merge [9] [2.1]
merge [10] [3.1]
merge [11] [4.1]
merge [12] [5.1]
merge [13] [6.1]
merge [14] [7.1]
merge [15] [8.1]
color [16] [29, 35, 31, 255]
cut [16] [82,37]
merge [16.3] [16.2]
color [17] [32, 39, 35, 255]
cut [17] [82,85]
merge [17.3] [17.2]
color [18] [38, 45, 43, 255]
cut [18] [82,108]
merge [18.3] [18.2]
color [19] [31, 36, 34, 255]
cut [19] [82,181]
merge [19.3] [19.2]
color [20] [44, 48, 43, 255]
cut [20] [82,232]
merge [20.3] [20.2]
color [21] [49, 58, 56, 255]
cut [21] [82,261]
merge [21.3] [21.2]
color [22] [102, 130, 158, 255]
cut [22] [82,295]
merge [22.3] [22.2]
color [23] [54, 78, 136, 255]
cut [23] [82,337]
merge [23.3] [23.2]
color [24] [51, 68, 133, 254]
cut [24] [x] [82]
merge [16.1] [17.1]
merge [25] [18.1]
merge [26] [19.1]
merge [27] [20.1]
merge [28] [21.1]
merge [29] [22.1]
merge [30] [23.1]
merge [31] [24.1]
color [32] [28, 33, 30, 255]
cut [32] [126,31]
merge [32.3] [32.2]
color [33] [32, 34, 31, 255]
cut [33] [126,82]
merge [33.3] [33.2]
color [34] [29, 33, 30, 255]
cut [34] [126,126]
merge [34.3] [34.2]
color [35] [37, 46, 45, 255]
cut [35] [126,176]
merge [35.3] [35.2]
color [36] [61, 84, 109, 255]
cut [36] [126,223]
merge [36.3] [36.2]
color [37] [55, 82, 119, 255]
cut [37] [126,254]
merge [37.3] [37.2]
color [38] [111, 140, 170, 255]
cut [38] [126,308]
merge [38.3] [38.2]
color [39] [99, 117, 133, 255]
cut [39] [126,349]
merge [39.3] [39.2]
color [40] [52, 70, 132, 255]
cut [40] [x] [126]
merge [32.1] [33.1]
merge [41] [34.1]
merge [42] [35.1]
merge [43] [36.1]
merge [44] [37.1]
merge [45] [38.1]
merge [46] [39.1]
merge [47] [40.1]
color [48] [28, 31, 27, 255]
cut [48] [172,32]
merge [48.3] [48.2]
color [49] [32, 35, 32, 255]
cut [49] [172,100]
merge [49.3] [49.2]
color [50] [35, 39, 36, 255]
cut [50] [172,120]
merge [50.3] [50.2]
color [51] [118, 143, 154, 255]
cut [51] [172,155]
merge [51.3] [51.2]
color [52] [177, 189, 175, 255]
cut [52] [172,214]
merge [52.3] [52.2]
color [53] [75, 111, 164, 255]
cut [53] [172,255]
merge [53.3] [53.2]
color [54] [110, 141, 164, 255]
cut [54] [172,308]
merge [54.3] [54.2]
color [55] [94, 127, 161, 255]
cut [55] [172,326]
merge [55.3] [55.2]
color [56] [66, 89, 151, 255]
cut [56] [x] [172]
merge [48.1] [49.1]
merge [57] [50.1]
merge [58] [51.1]
merge [59] [52.1]
merge [60] [53.1]
merge [61] [54.1]
merge [62] [55.1]
merge [63] [56.1]
color [64] [28, 36, 35, 255]
cut [64] [220,52]
merge [64.3] [64.2]
color [65] [41, 50, 63, 255]
cut [65] [220,95]
merge [65.3] [65.2]
color [66] [46, 64, 114, 255]
cut [66] [220,118]
merge [66.3] [66.2]
color [67] [117, 146, 156, 255]
cut [67] [220,166]
merge [67.3] [67.2]
color [68] [111, 141, 173, 255]
cut [68] [220,217]
merge [68.3] [68.2]
color [69] [112, 139, 172, 255]
cut [69] [220,272]
merge [69.3] [69.2]
color [70] [116, 142, 162, 255]
cut [70] [220,276]
merge [70.3] [70.2]
color [71] [96, 125, 157, 255]
cut [71] [220,342]
merge [71.3] [71.2]
color [72] [66, 89, 141, 255]
cut [72] [x] [220]
merge [64.1] [65.1]
merge [73] [66.1]
merge [74] [67.1]
merge [75] [68.1]
merge [76] [69.1]
merge [77] [70.1]
merge [78] [71.1]
merge [79] [72.1]
color [80] [41, 51, 54, 255]
cut [80] [270,55]
merge [80.3] [80.2]
color [81] [52, 64, 82, 255]
cut [81] [270,80]
merge [81.3] [81.2]
color [82] [61, 85, 127, 255]
cut [82] [270,126]
merge [82.3] [82.2]
color [83] [122, 147, 155, 255]
cut [83] [270,163]
merge [83.3] [83.2]
color [84] [79, 114, 162, 255]
cut [84] [270,199]
merge [84.3] [84.2]
color [85] [93, 128, 167, 255]
cut [85] [270,236]
merge [85.3] [85.2]
color [86] [100, 130, 174, 255]
cut [86] [270,279]
merge [86.3] [86.2]
color [87] [101, 127, 166, 255]
cut [87] [270,340]
merge [87.3] [87.2]
color [88] [55, 72, 140, 255]
cut [88] [x] [270]
merge [80.1] [81.1]
merge [89] [82.1]
merge [90] [83.1]
merge [91] [84.1]
merge [92] [85.1]
merge [93] [86.1]
merge [94] [87.1]
merge [95] [88.1]
color [96] [50, 53, 57, 255]
cut [96] [322,45]
merge [96.3] [96.2]
color [97] [48, 60, 82, 255]
cut [97] [322,73]
merge [97.3] [97.2]
color [98] [58, 80, 124, 255]
cut [98] [322,143]
merge [98.3] [98.2]
color [99] [140, 164, 161, 255]
cut [99] [322,169]
merge [99.3] [99.2]
color [100] [85, 121, 163, 255]
cut [100] [322,220]
merge [100.3] [100.2]
color [101] [97, 127, 157, 255]
cut [101] [322,239]
merge [101.3] [101.2]
color [102] [111, 138, 176, 255]
cut [102] [322,275]
merge [102.3] [102.2]
color [103] [106, 130, 174, 255]
cut [103] [322,278]
merge [103.3] [103.2]
color [104] [90, 116, 155, 255]
cut [104] [x] [322]
merge [96.1] [97.1]
merge [105] [98.1]
merge [106] [99.1]
merge [107] [100.1]
merge [108] [101.1]
merge [109] [102.1]
merge [110] [103.1]
merge [111] [104.1]
color [112] [45, 52, 63, 255]
cut [112] [370,45]
merge [112.3] [112.2]
color [113] [44, 58, 76, 255]
cut [113] [370,77]
merge [113.3] [113.2]
color [114] [54, 74, 112, 255]
cut [114] [340,144]
merge [114.3] [114.2]
color [115] [139, 168, 171, 255]
cut [115] [384,174]
merge [115.3] [115.2]
color [116] [115, 140, 167, 254]
cut [116] [384,191]
merge [116.3] [116.2]
color [117] [100, 135, 178, 255]
cut [117] [324,215]
merge [117.3] [117.2]
color [118] [85, 121, 168, 255]
cut [118] [324,290]
merge [118.3] [118.2]
color [119] [111, 140, 168, 255]
cut [119] [323,329]
merge [119.3] [119.2]
color [120] [70, 94, 153, 255]
cut [120] [x] [376]